1656685263545 0.4493331670773332 0
1656685336532 0.5511452130044425 1
1656685423347 0.5130018897351094 2
1656685509678 0.5034440152225452 3
1656685591557 0.5161605087077994 4
1656685917487 0.402526386766747 5
1656685994760 0.35878604173829676 6
1656686077620 0.2971148657160809 7
1656686153662 0.2670683787797177 8
1656686226202 0.24367237419335352 9
1656686522692 0.21104595563965445 10
1656686592068 0.19440298738099193 11
1656686670626 0.15176189608401358 12
1656686739683 0.14528175694471135 13
1656686799662 0.1271378113837911 14
1656687032428 0.35964494430784266 15
1656687109508 0.2829888651864142 16
1656687181653 0.28092796382360397 17
1656687245359 0.06637647208505393 18
1656687304451 0.0907417936261935 19
1656687567633 0.048958419867764835 20
1656687622596 0.03455718122509266 21
1656687681185 0.08847044449457375 22
1656687743859 0.07062606113900949 23
1656687805146 0.09836015496577799 24
1656688118195 0.09617866729803615 25
1656688184395 0.10647776935790587 26
1656688248350 0.1208522897604426 27
1656688316631 0.15257933034270366 28
1656688385544 0.13263404215222385 29
1656688693659 0.0880910857075139 30
1656688763543 0.08290212921738593 31
1656688833374 0.08549634341994283 32
1656688903944 0.09984476179489965 33
1656688978764 0.08690336408126409 34
1656689247709 0.05303528666212354 35
1656689295810 0.040487632362671166 36
1656689348716 0.026823580971540917 37
1656689398645 0.02514122949928943 38
1656689458956 0.021039578952712135 39
1656689731069 0.013493431219297913 40
1656689793939 0.013704882849210342 41
1656689865651 0.013745666745226925 42
