1656685263543 0.017964346039767723 0
1656685336531 0.014041590115182745 1
1656685423345 0.012738856537534388 2
1656685509676 0.015654081925508156 3
1656685591555 0.016196988247635664 4
1656685917486 0.013543693964985466 5
1656685994758 0.012317380115412769 6
1656686077618 0.013059343732546625 7
1656686153661 0.010388064246480493 8
1656686226201 0.008734360701770916 9
1656686522691 0.011121768310667104 10
1656686592067 0.00969009811912787 11
1656686670624 0.0045220858131552345 12
1656686739681 0.0050740187812637096 13
1656686799660 0.007329300867068829 14
1656687032426 0 15
1656687109506 0.019489614148798587 16
1656687181652 0.008690434322320376 17
1656687245358 0.00652436483551991 18
1656687304449 0.08235097020552791 19
1656687567631 0.006172564854400566 20
1656687622594 0 21
1656687681184 0.006900109091765721 22
1656687743857 0.006786481290610191 23
1656687805144 0.007455989872828172 24
1656688118194 0.008658180168786282 25
1656688184393 0.009703797351752138 26
1656688248349 0.011504395998308974 27
1656688316628 0.018199952732755383 28
1656688385542 0.016502624298746528 29
1656688693658 0.011604301759977169 30
1656688763541 0.007725305123594303 31
1656688833372 0.007089068844441564 32
1656688903942 0.007207102294221182 33
1656688978763 0.007620687634110204 34
1656689247707 0.005405513329769237 35
1656689295809 0.0026600651968482717 36
1656689348715 0.0019381692220661138 37
1656689398643 0.001440716054225394 38
1656689458955 0.0008471518297604088 39
1656689731067 0.002081541280141412 40
1656689793937 0.004737700547055153 41
1656689865649 0.003193848267604913 42
