1656603375119 1.105231115150955 0
1656603430619 0.6540448765936138 1
1656603505534 0.5476318826142375 2
1656603553504 0.5251079747644047 3
1656603620934 0.6478803141068318 4
1656603695638 0.5140809745325625 5
1656603767261 0.2569899310617838 6
1656603839932 0.2191501091536573 7
1656603943947 0.17591167994216939 8
1656604009405 0.13415881540051933 9
1656604072266 0.09745773515195666 10
1656604128126 0.1166140911464556 11
1656604189852 0.0996554129424686 12
1656604258770 0.2368638229895581 13
1656604360640 0.17354127159006139 14
1656604444080 0.14845354496857532 15
1656604503241 0.1442138270471407 16
1656604587829 0.14421316404495654 17
1656604643878 0.19009630459234672 18
1656604695044 0.1900961326630657 19
1656604752089 0.22243980704540656 20
1656604840450 0.21416847135046524 21
1656604908430 0.21381944083263837 22
1656604987077 0.20554080566144084 23
1656605056878 0.2386102327744568 24
1656605123275 0.2349744780136236 25
1656605209992 0.25187003419845 26
1656605284656 0.25172091434677524 27
1656605345323 0.276540385727966 28
1656605416991 0.3068080063263262 29
1656605483845 0.2958244785014973 30
1656605587995 0.2958244693623199 31
1656605655499 0.25129785434836305 32
1656605724671 0.25129785895637413 33
1656605784147 0.25129770598374834 34
1656605836909 0.25129825867610023 35
1656605893509 0.25075325844730223 36
1656605945162 0.2132883753809125 37
1656605998296 0.21113966862127376 38
1656606060218 0.20744198547640225 39
1656606119753 0.20709786438591138 40
1656606174590 0.2038736798572356 41
1656606231335 0.20431969263787142 42
1656606289524 0.19057999386426705 43
1656606342202 0.18923727145516223 44
1656606396040 0.17386048148133426 45
1656606443282 0.1798961838819011 46
1656606495664 0.16763773449632735 47
1656606545514 0.15939462693371376 48
1656606617271 0.17428949956731155 49
1656606671531 0.180138732107182 50
1656606719304 0.1802833328869563 51
1656606768896 0.18034578631184173 52
1656606815363 0.1793316983697354 53
1656606869495 0.1703536104522041 54
1656606920547 0.18212351774750335 55
1656606974360 0.16519090142486914 56
1656607025695 0.18132641570671337 57
1656607074860 0.18111258013785114 58
1656607125093 0.18232019941981992 59
1656607180520 0.18190218975707584 60
1656607274099 0.18791944870939803 61
1656607358216 0.1844241147644602 62
1656607428523 0.18562309418859524 63
1656607493777 0.19001501857781222 64
1656607577748 0.1894965395446232 65
1656607641844 0.1844311398424643 66
1656607702058 0.1826457466036645 67
1656607793115 0.1842305212397367 68
1656607850473 0.18347540371978588 69
1656607930729 0.17075421856617412 70
1656607998674 0.17206726547360418 71
1656608091428 0.17435114134575624 72
1656608154910 0.18161141422421367 73
1656608214636 0.18258906918657292 74
1656608292395 0.18453216457167043 75
1656608350914 0.17613080165812378 76
1656608408789 0.1809015920507282 77
1656608469506 0.17972234693181888 78
1656608529167 0.17882558436978224 79
1656608582785 0.17421511373238285 80
1656608646860 0.17102911689268885 81
1656608712989 0.16997205261419512 82
1656608798355 0.16798661532056025 83
1656608858021 0.16618080004644253 84
1656608939551 0.17571421181145297 85
1656609016940 0.1868149879608747 86
1656609105325 0.18592576772777647 87
1656609184360 0.18565811202153526 88
1656609281811 0.18626320154741405 89
1656609344825 0.17550837184535661 90
1656609402163 0.1756595553386302 91
1656609492392 0.17954991085993388 92
1656609550146 0.16815572093042874 93
1656609618507 0.16698694261147318 94
1656609682082 0.1719306566572445 95
1656609745829 0.17260728259745017 96
1656609811902 0.17328528143616007 97
1656609870066 0.17517096993240144 98
1656609925229 0.16000927512876006 99
1656609990071 0.16518880381763867 100
1656610053125 0.16114774576859214 101
1656610129168 0.15376118899841007 102
1656610198928 0.15251071596500754 103
1656610253508 0.1512757999522647 104
1656610354303 0.1528951081622868 105
1656610432531 0.14821034919167597 106
1656610500040 0.14701600260036063 107
1656610616480 0.14635493797867904 108
1656610696908 0.13884455041962174 109
1656610764544 0.13808689613004022 110
1656610840669 0.13977289945366445 111
1656610916671 0.14283554201101045 112
