1656603375117 2.412951503820648 0
1656603430617 1.0652729566297339 1
1656603505531 0.7259513063285689 2
1656603553503 0.34736382635705837 3
1656603620932 0.5089614913241007 4
1656603695635 0.029035507747712734 5
1656603767260 0.09980637423871588 6
1656603839931 0.06847962011300426 7
1656603943945 0.35346419054531303 8
1656604009404 0.006828041036587748 9
1656604072265 0.37220269932814387 10
1656604128125 0.002686754212521899 11
1656604189851 -0.0012827045437719502 12
1656604258768 0.08045052057939228 13
1656604360638 0.05686096663551067 14
1656604444078 -0.001302348560927831 15
1656604503240 -0.0011150224086372272 16
1656604587827 -0.001114217353057906 17
1656604643876 -0.001531990140996053 18
1656604695043 -0.0017971076230846462 19
1656604752088 -0.0012434488210703962 20
1656604840448 -0.001321540024964994 21
1656604908429 0.009499532830222713 22
1656604987075 -0.0012800286178150807 23
1656605056877 -0.0009165278000559289 24
1656605123273 -0.0007720703944732506 25
1656605209990 -0.0003960593504099561 26
1656605284655 -0.0003990412394289781 27
1656605345322 -0.0005434714134151409 28
1656605416990 0.05234487130795474 29
1656605483843 0.05115263458627831 30
1656605587994 0.0511514051139748 31
1656605655498 0.04957742839261286 32
1656605724669 0.049568163714991766 33
1656605784146 0.04958520382725089 34
1656605836908 0.04958388413107396 35
1656605893508 0.04952964034953976 36
1656605945161 0.05557233231121564 37
1656605998295 0.05710265009744184 38
1656606060217 0.05649400453861039 39
1656606119752 0.05652635290948845 40
1656606174589 0.056296374478018316 41
1656606231333 0.05622743745920761 42
1656606289523 0.055280252656313124 43
1656606342201 0.0551152267296269 44
1656606396039 0.05343330987934605 45
1656606443281 0.05404472296991893 46
1656606495663 0.054465531276225825 47
1656606545513 0.05371828781056337 48
1656606617270 0.05565872652455636 49
1656606671530 0.056351020332507426 50
1656606719303 0.05564397353353624 51
1656606768895 0.05544769258835117 52
1656606815362 0.05531267905870562 53
1656606869493 0.05455147654610474 54
1656606920546 0.05569241977765981 55
1656606974359 0.05653803522371655 56
1656607025694 0.055038375630721066 57
1656607074859 0.05540199264503053 58
1656607125092 0.05451128657217435 59
1656607180518 0.05453700017362986 60
1656607274097 0.053069346944925065 61
1656607358213 0.0533231600698532 62
1656607428522 0.05320056314231289 63
1656607493775 0.05355086278833018 64
1656607577747 0.05353816776940849 65
1656607641842 0.05410252376085645 66
1656607702057 0.053887156006900465 67
1656607793113 0.05366774575591676 68
1656607850472 0.05359672234687745 69
1656607930727 0.05287202367218711 70
1656607998673 0.050926051801756175 71
1656608091426 0.05092244397615681 72
1656608154909 0.05150634713297993 73
1656608214635 0.05109806283283437 74
1656608292392 0.05127744009758875 75
1656608350913 0.052136049495824024 76
1656608408788 0.049219006250637534 77
1656608469505 0.04925348404654665 78
1656608529166 0.05040994870765542 79
1656608582784 0.04921825649966753 80
1656608646858 0.049105210043225336 81
1656608712988 0.049119804321382535 82
1656608798354 0.04911105497568397 83
1656608858020 0.05093563954732062 84
1656608939550 0.052369889066317094 85
1656609016937 0.05164037281343699 86
1656609105323 0.05204796184334041 87
1656609184359 0.05236564381019104 88
1656609281810 0.05176773840235479 89
1656609344823 0.05242409942371977 90
1656609402162 0.052277622771226204 91
1656609492389 0.05137843442457155 92
1656609550144 0.050881615530790555 93
1656609618505 0.051152587064954076 94
1656609682081 0.05046070361745338 95
1656609745828 0.050430435206981296 96
1656609811900 0.04928240794237801 97
1656609870065 0.0492774266619325 98
1656609925228 0.04905568732466798 99
1656609990070 -0.0017172753113211578 100
1656610053124 -0.0016634696662545293 101
1656610129167 -0.0017960115538761066 102
1656610198927 -0.001701042490186688 103
1656610253507 -0.0018903224399060225 104
1656610354302 -0.001871191873010621 105
1656610432530 -0.0014881572778615926 106
1656610500039 -0.0019273993837077615 107
1656610616479 -0.0017320432929928784 108
1656610696907 -0.0018105970896939595 109
1656610764542 -0.0018072572754288792 110
1656610840668 -0.0016484148421345084 111
1656610916669 -0.001719412021351184 112
