1656463300654 0.7989546710063417 0
1656463321936 0.4774641567715463 1
1656463353026 0.360315585601666 2
1656463391592 0.35328101596437955 3
1656463443310 0.20487399447302435 4
1656463509413 0.24193649926753025 5
1656463577232 0.24009161486215458 6
1656463633369 0.15081707158619462 7
1656463694054 0.15398400822199787 8
1656463748370 0.14089806041372033 9
1656464317457 0.17387526211506232 10
1656464376636 0.19170907536682869 11
1656464437361 0.20481389456615995 12
1656464488209 0.19856001067539164 13
1656464546388 0.20495607989342324 14
1656464599489 0.20429583971943277 15
1656464651606 0.195952318249767 16
1656464710618 0.17155176685566154 17
1656464773942 0.17101328419824946 18
1656464823895 0.15678820952341865 19
1656465228823 0.16555080992234816 20
1656465272583 0.15417590425960281 21
1656465317235 0.15755979537150755 22
1656465356283 0.17262524647505717 23
1656465401195 0.1583609051627738 24
1656465436981 0.1706860668652962 25
1656465473031 0.16353091380366802 26
1656465513408 0.16353122475006643 27
1656465562679 0.16353109170302205 28
1656465605184 0.1760603100024316 29
1656466105563 0.1776339763524315 30
1656466145307 0.17763395920290204 31
1656466180759 0.17763379470296659 32
1656466215120 0.17763377016509718 33
1656466249124 0.17763377016509474 34
1656466287100 0.175991673704752 35
1656466323155 0.16239617928987582 36
1656466365653 0.33892141036394663 37
1656466426420 0.3389214122281333 38
1656466487957 0.3389214135556138 39
1656467123242 0.33892141595828673 40
1656467190165 0.33892141668610565 41
1656467252067 0.33892141791871633 42
1656467314934 0.3389214195004522 43
1656467386027 0.338921420639981 44
1656467460072 0.3389214229762565 45
1656467524011 0.3389214240705092 46
1656467581013 0.33892142631120736 47
1656467639248 0.3389214272882377 48
1656467701552 0.3389214293530447 49
1656468329629 0.3389214302624174 50
1656468395997 0.33892143281209774 51
1656468456555 0.3389214337400902 52
1656468511978 0.3389214357803204 53
1656468565460 0.3389214366456348 54
1656468621475 0.3389214385446484 55
1656468677569 0.33892143944444386 56
1656468736681 0.33892144142223823 57
1656468799888 0.3389214423173701 58
1656468857654 0.3389214443080457 59
1656469537933 0.33892144518683476 60
1656469595669 0.33892144681533687 61
1656469655738 0.3389214475738689 62
1656469718489 0.33892144858886053 63
1656469774977 0.33892144945234015 64
1656469836370 0.3389214506414552 65
1656469889078 0.33892145150080066 66
1656469946282 0.33892145313131894 67
1656470011315 0.3389214538394364 68
1656470068826 0.3389214557573865 69
1656470649130 0.3389214564414288 70
1656470708832 0.3389214579594504 71
1656470766712 0.3389214586478474 72
1656470822365 0.3389214606810218 73
1656470883838 0.3389214613745125 74
1656470942424 0.3389214625468674 75
1656471005380 0.3389214634340538 76
1656471070254 0.33892146367323517 77
1656471132422 0.33892151865129094 78
1656471191340 0.3389215186164376 79
1656471834242 0.33892151912340696 80
1656471896849 0.3389215202023075 81
1656471960453 0.33892152069883974 82
1656472015473 0.3389215219373918 83
1656472073564 0.3389215223339619 84
1656472137823 0.33892152646414964 85
1656472197329 0.3389215271579398 86
1656472256171 0.33892152754664473 87
1656472312551 0.3389215278318981 88
1656472373734 0.3389215305874761 89
1656472996539 0.33892153086712296 90
1656473056407 0.3389215313768107 91
1656473106937 0.33892153296294303 92
1656473161920 0.33892153339910325 93
1656473225551 0.3389215341965479 94
1656473283228 0.33892153448967544 95
1656473345618 0.3389215375363056 96
1656473403880 0.33892153785905 97
1656473458093 0.3389215391397057 98
1656473511193 0.3389215396052436 99
1656474169487 0.33892154013694176 100
1656474228797 0.33892154060570867 101
1656474287068 0.3389215419199453 102
1656474346725 0.3389215421274905 103
1656474409218 0.33892154297402755 104
1656474465818 0.33892154337482205 105
1656474521165 0.3389215434357512 106
1656474581560 0.3389215440096327 107
1656474641928 0.33892154487312587 108
1656474705583 0.3389215452964158 109
1656475356322 0.3389215469386382 110
1656475413460 0.3389215468531732 111
1656475473529 0.33892154841815625 112
1656475536979 0.3389215496105211 113
1656475592027 0.3389215502023236 114
1656475649126 0.33892155021215487 115
1656475711711 0.338921550469676 116
1656475772285 0.33892155090496334 117
1656475824821 0.338921550847364 118
1656475890620 0.3389215521287481 119
1656476520726 0.33294162089402457 120
1656476573038 0.05881791122070745 121
1656476625607 0.06293397005464829 122
1656476669236 0.06706075862140859 123
1656476713407 0.04410425893411085 124
1656476759277 0.03516214980166843 125
1656476806862 0.0631629098995764 126
1656476855903 0.03768207156477488 127
1656476902904 0.03762642802474292 128
1656476949274 0.037327307779107644 129
1656477556024 0.03314859166453055 130
1656477595105 0.029853505511501788 131
1656477643281 0.027973816023401765 132
1656477695156 0.024275012694062625 133
1656477749567 0.02290302891773588 134
1656477794970 0.02313746827917662 135
1656477837732 0.023519674578379335 136
1656477879629 0.023126864396777247 137
1656477924009 0.025933677120314802 138
1656477971009 0.024307068761757256 139
1656478608729 0.019084692537122527 140
1656478650496 0.01451708284780906 141
1656478692952 0.01661636471301231 142
1656478736050 0.01635706839182538 143
1656478780677 0.01636906641992364 144
1656478819965 0.015449158963786958 145
1656478870656 0.015515874813607944 146
1656478918623 0.020379593869051416 147
1656478968005 0.0173432068894378 148
1656479018908 0.015344011316925532 149
1656479586919 0.012897019494248263 150
1656479636695 0.015395134247613074 151
1656479684460 0.0169864335672123 152
1656479731454 0.0192677240575847 153
1656479779365 0.019705424926160453 154
1656479827942 0.019534813913693827 155
1656479879007 0.019446408672215032 156
1656479926621 0.01877308324273541 157
1656479968482 0.017267835117838692 158
1656480013838 0.018241972102648996 159
1656480609069 0.01206417817551897 160
1656480653915 0.01214268370875704 161
1656480693686 0.010907104396154277 162
1656480734296 0.009147564998239655 163
1656480778640 0.011197064909948429 164
1656480825433 0.009698718646146465 165
1656480866742 0.00889362377980285 166
1656480907388 0.008207703074829098 167
1656480949932 0.007596507154810528 168
1656480994483 0.007668494627907196 169
1656481523487 0.0072908749950744145 170
1656481562671 0.007195418766716588 171
1656481605492 0.006389884991578998 172
1656481647733 0.005490884307933985 173
1656481684855 0.004432648018800389 174
1656481721545 0.004172908898387506 175
1656481763765 0.004487693547896354 176
1656481797205 0.0045640085866270885 177
1656481834716 0.004840573020716721 178
1656481868582 0.004906728189737586 179
1656482389482 0.0049235736691468635 180
1656482425413 0.006415391642515145 181
1656482462466 0.006677798115255484 182
1656482497876 0.0051643484941251705 183
1656482534195 0.005367450684176545 184
1656482565752 0.005888571353247274 185
1656482597648 0.004663122074131998 186
1656482634857 0.00486331327551881 187
1656482673213 0.0034925762333158916 188
1656482711764 0.0033304865623600133 189
1656483202702 0.0031314076035675598 190
1656483236770 0.0035409465541758056 191
1656483268289 0.0037570795492418707 192
1656483299329 0.003709890281316963 193
1656483338615 0.004643105991605223 194
1656483373447 0.0047334263838159085 195
1656483414854 0.0046695845346336196 196
1656483451984 0.004762486726167192 197
1656483492576 0.004478968310296705 198
1656483528994 0.003870312764664652 199
1656484029223 0.003613072299486153 200
1656484070424 0.003951585629867305 201
1656484111327 0.004157093640823284 202
1656484148223 0.0036863838439370467 203
1656484186172 0.004020637733579746 204
1656484227639 0.003985735797583101 205
1656484268868 0.003668440154742658 206
1656484305869 0.0040020940929470505 207
1656484346937 0.0036422497247364793 208
1656484386323 0.003359310358724943 209
1656484877591 0.0034149937741567715 210
1656484912973 0.0032072782067839034 211
1656484953436 0.0030889134159252096 212
1656484986384 0.0030192862210711713 213
1656485021908 0.0031023936355554227 214
1656485055146 0.003149518815265817 215
1656485089663 0.003407742880679243 216
1656485125850 0.0038782159163294194 217
1656485164939 0.003871952963811154 218
1656485199605 0.003862253936595117 219
1656485690508 0.003640627466454882 220
1656485729097 0.003538637187789573 221
1656485766069 0.003792139646675796 222
1656485802819 0.0034502080814188263 223
1656485837184 0.003490061740366812 224
1656485878202 0.0034025941056171627 225
1656485917170 0.0032250446030902546 226
1656485955615 0.0029727092065076066 227
1656485993870 0.002961017855082071 228
1656486030572 0.0030408639727719233 229
1656486497516 0.0032986236024789006 230
1656486529477 0.003080032077707906 231
1656486563597 0.0030853074555925453 232
1656486596728 0.002963923890355158 233
1656486631101 0.002857979363177332 234
1656486663766 0.00287885688993772 235
1656486693860 0.002912298766853061 236
1656486728437 0.002964324342955682 237
1656486764466 0.0027371137781360133 238
1656486795273 0.0028495961063146336 239
1656487253169 0.0028267013758447312 240
1656487293515 0.0029479478103108248 241
1656487325054 0.002766559517905276 242
1656487354528 0.0025884821426609417 243
1656487391905 0.002500695758373417 244
1656487431432 0.0024690261322621865 245
1656487465306 0.0022151414947934045 246
1656487495553 0.0021124147978900387 247
1656487529223 0.0019749357330035577 248
1656487560325 0.0019711639364351496 249
1656488013882 0.0021012140376936994 250
1656488043476 0.002103841586095667 251
1656488074142 0.0021997516280533036 252
1656488106801 0.002150594226075553 253
1656488141091 0.002108160651033475 254
1656488172347 0.0020813089751414715 255
1656488203285 0.0020520775559256244 256
1656488237259 0.0020659761000507704 257
1656488265891 0.002051793939627622 258
1656488296959 0.0019459466702269612 259
1656488747490 0.0019405319555795275 260
1656488781977 0.0020177178617871716 261
1656488816668 0.0020236883245090542 262
1656488847726 0.0019165795298601296 263
1656488875473 0.001949121666617093 264
1656488908426 0.0018676137191581121 265
1656488938467 0.0018644698109128166 266
1656488972099 0.0018091027540161342 267
1656489009761 0.0018148692751316364 268
1656489045160 0.0017790808318147722 269
1656489489665 0.0017529661029634935 270
1656489520924 0.001956904317384267 271
1656489556141 0.002099944268418197 272
1656489591070 0.0019954654374934044 273
1656489623895 0.0019204790297528973 274
1656489656710 0.0020169357898155438 275
1656489684477 0.0021677793820867874 276
1656489718735 0.002176135416813718 277
1656489751003 0.0021599313863522873 278
1656489782689 0.002255113267566111 279
1656490236848 0.002179849527963018 280
1656490270893 0.0021827120340686124 281
1656490301983 0.0022199018177342378 282
1656490331689 0.0023477331383691125 283
1656490363604 0.0022489118495876426 284
1656490396228 0.0019429314042985757 285
1656490427766 0.002282147077171559 286
1656490458358 0.0022774573038158996 287
1656490493135 0.002161255074764945 288
1656490528059 0.002318095488270111 289
1656491011696 0.0020445179833175064 290
1656491047030 0.002025857387460306 291
1656491081047 0.0019693352532944575 292
1656491114377 0.0018049385416452068 293
1656491149144 0.0018495147170907167 294
1656491182160 0.0017077637928980538 295
1656491213539 0.0018321045001402636 296
1656491246708 0.0017923405939849202 297
1656491283351 0.001787609315388683 298
1656491321277 0.0017084155984155025 299
1656491801919 0.0017787930641141037 300
1656491838507 0.0018046804331792732 301
1656491875967 0.0016224216468982977 302
1656491910165 0.0017644960718478098 303
1656491946986 0.001841053680497251 304
1656491980410 0.0022372520299216436 305
1656492021114 0.0024281474585837737 306
1656492056479 0.0022207923393654516 307
1656492093869 0.002163157005128147 308
1656492129702 0.0021318337947742183 309
1656492600528 0.0018581897535070446 310
1656492631604 0.0016215204744882694 311
1656492666673 0.0018291533826868545 312
1656492705825 0.0018378834991968906 313
1656492737443 0.0016147337792294936 314
1656492771901 0.0016204220258336788 315
1656492806387 0.0015567501497573133 316
1656492839037 0.0015448259860458835 317
1656492873509 0.0016126178249835643 318
1656492914744 0.001569546519074927 319
1656493417407 0.0016557159238961283 320
1656493455510 0.0016111658134859708 321
1656493495985 0.001658435086542398 322
1656493533443 0.0014445245566494513 323
1656493570980 0.001410681977668915 324
1656493604742 0.001231709993051 325
1656493638118 0.0012723022983640586 326
1656493678130 0.0012148417857311689 327
1656493713576 0.0012294717621543771 328
1656493747689 0.0011997890511108444 329
1656494226235 0.0011108520272756772 330
1656494259893 0.00114368337948334 331
1656494293311 0.001146164420424145 332
1656494327552 0.0011492939152957238 333
1656494359613 0.0011508106783846284 334
1656494396941 0.0011505705188212811 335
1656494428634 0.0012422075481531847 336
1656494461457 0.0012201744556030736 337
1656494493408 0.0012342624471528563 338
1656494529270 0.0012157085992064998 339
1656495008543 0.001276386257835549 340
1656495045641 0.0012255001295674584 341
1656495081875 0.0011928842872405143 342
1656495114769 0.0013005129230511114 343
1656495149872 0.0012899687955046923 344
1656495183892 0.0012814537300968043 345
1656495219648 0.0013121382099662293 346
1656495255034 0.0013623200980784622 347
1656495290222 0.0014095908030713478 348
1656495324246 0.0014542623628714946 349
1656495800843 0.0015482826956568774 350
1656495836949 0.0015275399011205337 351
1656495869310 0.0015390969747227645 352
1656495902702 0.0013707537654085167 353
1656495937067 0.001308201885669713 354
1656495971142 0.0012965765588431877 355
1656496006006 0.001200327286856373 356
1656496039190 0.0012294215411505771 357
1656496073208 0.0011769074048157968 358
1656496111257 0.0011526823485765725 359
1656496587465 0.0010985185088036031 360
1656496623760 0.001130403152491577 361
1656496662800 0.0011694312967798215 362
1656496700024 0.0011608639130463727 363
1656496734472 0.0011533869696235266 364
1656496770673 0.0011127864912522378 365
1656496804629 0.0010696626359233408 366
1656496839356 0.0011591791018996656 367
1656496872608 0.0010264345194015423 368
1656496905877 0.0010194814743773595 369
1656497392408 0.0009057628200314083 370
1656497426457 0.0009027753648993553 371
1656497462137 0.0009021545935762321 372
1656497496702 0.0008991774218675141 373
1656497532063 0.0008882456262632177 374
1656497563894 0.000985551940765328 375
1656497600038 0.0008331473885776486 376
1656497632731 0.0008839608684262368 377
1656497666659 0.0009039870007299111 378
1656497700064 0.0009200234551253184 379
1656498185742 0.0009175523823209408 380
1656498219313 0.0009021783347943346 381
1656498254857 0.0008997723299727367 382
1656498292241 0.0008780073204073258 383
1656498326477 0.0008499959387601175 384
1656498360895 0.0008220001322257753 385
1656498397849 0.0008286657122668073 386
1656498433992 0.0007755006114640306 387
1656498472957 0.0007727231605949569 388
1656498513552 0.0007525679405945285 389
1656499020320 0.0007980560021837446 390
1656499052668 0.0008551394259030953 391
1656499086386 0.0008736213860932596 392
1656499126457 0.0008730335127534739 393
1656499163063 0.0009537290744924265 394
1656499200090 0.0009117668215546937 395
1656499238773 0.0008249964800060017 396
1656499272395 0.0007899591748040669 397
1656499304940 0.0007240505813014275 398
1656499341441 0.0007170575127045664 399
1656499817352 0.0006137684912560504 400
1656499851577 0.0005865730330166796 401
1656499886868 0.000600643080732155 402
1656499924631 0.0006173885760604181 403
1656499957337 0.0006177957161657144 404
1656499991237 0.0006021739188727393 405
1656500028164 0.0005858858085024954 406
1656500064147 0.000618776603172333 407
1656500096966 0.0006666647531846648 408
1656500134632 0.0007196169943082253 409
1656500608594 0.000820238119934591 410
1656500643663 0.0008237904786518868 411
1656500680751 0.0008274105017612721 412
1656500719059 0.0008008044913415668 413
1656500751506 0.0008348545736832635 414
1656500787481 0.0008729872138161232 415
1656500826059 0.0008455163440784785 416
1656500863231 0.0008297483258901117 417
1656500900492 0.0008356737844247286 418
1656500933413 0.0008705561026589592 419
1656501408746 0.0008508373258526714 420
1656501449961 0.000854509148186855 421
1656501488869 0.0008664254686210349 422
1656501523233 0.0008462385878750256 423
1656501562927 0.0008038903894354021 424
1656501599016 0.000842296712994739 425
1656501633562 0.0008364294202209965 426
1656501670757 0.0008317964667196032 427
1656501703046 0.0008520861979495198 428
1656501736952 0.0008934374986492299 429
1656502216445 0.0008968311091210879 430
1656502252393 0.0008930180090427342 431
1656502292567 0.0008778833813388731 432
1656502326912 0.0008962802127662206 433
1656502359073 0.0008985740196781888 434
1656502396139 0.0009426541165401536 435
1656502433572 0.0009323808088932406 436
1656502468454 0.0009651121331673007 437
1656502506917 0.0009780102371669264 438
1656502537271 0.0009693402118461369 439
1656503005490 0.0009787832358756354 440
1656503043886 0.0009839406563267872 441
1656503080367 0.0009943979794799773 442
1656503115975 0.0009580970884106588 443
1656503148062 0.0008916668163365671 444
1656503187249 0.0009065937352964459 445
1656503218934 0.0008995828486602075 446
1656503257890 0.0008750952908253007 447
1656503294777 0.0010022753861841371 448
1656503326471 0.0009670009459249451 449
1656503793240 0.000958774960040043 450
1656503833328 0.0008914532592763091 451
1656503868602 0.0009069658089987387 452
1656503897868 0.0009011814960657727 453
1656503932208 0.0008959697917515497 454
1656503966787 0.0008904005839909246 455
1656503999661 0.0008306684082263205 456
1656504034684 0.0008772266625767244 457
1656504069486 0.000872488200041377 458
1656504103417 0.000922691180585522 459
1656504631421 0.00086934964662988 460
1656504667715 0.0008977304653028373 461
1656504704574 0.0008798139268229033 462
1656504743010 0.0008875604988698438 463
1656504779755 0.0008686128892253508 464
1656504818611 0.0008525858691750265 465
1656504856159 0.0008513214644181311 466
1656504888924 0.0008598510216065725 467
1656506779298 0.0009003073737637868 468
1656506818473 0.0009316972509157972 469
1656507244550 0.0008761176724062514 470
1656507286252 0.0008797362496650862 471
1656507324587 0.0008962518684696441 472
1656507368478 0.0009109494505640248 473
1656507408760 0.0009504952771913766 474
1656507450543 0.0009804310997939547 475
1656507489572 0.0009688584619989005 476
1656507523440 0.0011144184134085355 477
1656507560209 0.0013764086625314143 478
1656507603335 0.0013098310474575214 479
1656508095742 0.001318894841180307 480
1656508135358 0.001310349840401015 481
