1656463300653 5.847757491982538 0
1656463321935 0.38713191579764794 1
1656463353025 0.23850265654255812 2
1656463391591 0.2449431442384312 3
1656463443309 0.1434443428333113 4
1656463509411 0.08527485297214943 5
1656463577231 0.09712638893014158 6
1656463633368 0.010586613526662965 7
1656463694053 0.011748727933503456 8
1656463748369 0.031791386681546616 9
1656464317456 0.01548301792835502 10
1656464376635 0.014477258435421168 11
1656464437360 0.008546597399963288 12
1656464488208 0.012259982430980837 13
1656464546387 0.008995434379089859 14
1656464599488 0.0054812997151375935 15
1656464651605 0.0063649690575580155 16
1656464710617 0.004792217705415636 17
1656464773941 0.008161797181470155 18
1656464823894 0.0023499260619319587 19
1656465228822 0.0008707578761441397 20
1656465272582 0.0012865651458435472 21
1656465317234 0.005326151780093186 22
1656465356282 0.007463354465398416 23
1656465401194 0.007645164998629279 24
1656465436980 0.008017546855250454 25
1656465473030 0.0078001059818089 26
1656465513408 0.007800040233928281 27
1656465562679 0.00658598454461537 28
1656465605183 0.008731052982987639 29
1656466105562 0.011324899799357989 30
1656466145306 0.013137094821895082 31
1656466180758 0.01313718194369285 32
1656466215119 0.01313723558728637 33
1656466249124 0.011324978891888646 34
1656466287099 0.010745210960032739 35
1656466323154 0.009297269510988651 36
1656466365653 0.6007680949907405 37
1656466426419 0.6007682925333656 38
1656466487956 0.6007684125266473 39
1656467123242 0.6007680955175627 40
1656467190164 0.6007682984545362 41
1656467252066 0.6007682441263779 42
1656467314932 0.6007681721734335 43
1656467386026 0.6007678929792926 44
1656467460071 0.6007681316315033 45
1656467524011 0.6007682863445762 46
1656467581012 0.6007684479008265 47
1656467639248 0.6007681311528554 48
1656467701551 0.6007680813673552 49
1656468329628 0.6007680725978365 50
1656468395996 0.6007679053831075 51
1656468456554 0.6007681946911954 52
1656468511977 0.6007680745997724 53
1656468565459 0.600768027488028 54
1656468621475 0.6007679811183664 55
1656468677568 0.600768454723475 56
1656468736680 0.6007682119670313 57
1656468799888 0.6007682134980411 58
1656468857653 0.6007682133103547 59
1656469537932 0.600768329001922 60
1656469595668 0.6007682186146486 61
1656469655737 0.6007676052759936 62
1656469718488 0.6007682179788766 63
1656469774976 0.6007681245557348 64
1656469836370 0.6007681347550919 65
1656469889077 0.6007680386493175 66
1656469946281 0.6007682920995674 67
1656470011314 0.6007678642176739 68
1656470068825 0.6007682035068553 69
1656470649129 0.6007682203898554 70
1656470708831 0.600768206258135 71
1656470766711 0.6007682101089009 72
1656470822364 0.6007682218681724 73
1656470883837 0.6007671330253813 74
1656470942423 0.6007682078159426 75
1656471005379 0.6007682477443624 76
1656471070253 0.6007681992606808 77
1656471132421 0.6007682087419423 78
1656471191339 0.6007683239982968 79
1656471834241 0.6007683390064374 80
1656471896848 0.6007682553891812 81
1656471960452 0.6007681040126638 82
1656472015472 0.600768159692792 83
1656472073563 0.6007682211389452 84
1656472137823 0.6007683143165963 85
1656472197328 0.6007671031840324 86
1656472256170 0.6007684482597913 87
1656472312550 0.6007682728991938 88
1656472373733 0.6007673152707271 89
1656472996539 0.6007682860576333 90
1656473056406 0.6007682873785023 91
1656473106937 0.6007685891959349 92
1656473161919 0.6007682806233653 93
1656473225551 0.6007681865641893 94
1656473283227 0.6007682454585686 95
1656473345617 0.6007682803831277 96
1656473403879 0.6007683213430391 97
1656473458092 0.6007682777296799 98
1656473511192 0.6007682853693375 99
1656474169486 0.6007678459285438 100
1656474228796 0.600768254970821 101
1656474287067 0.6007682514850896 102
1656474346724 0.6007683887902597 103
1656474409217 0.6007681758031691 104
1656474465817 0.60076832541186 105
1656474521164 0.6007682093538379 106
1656474581559 0.6007682780381445 107
1656474641927 0.6007683624635447 108
1656474705582 0.6007682913367036 109
1656475356321 0.6007684726225074 110
1656475413459 0.6007684674328444 111
1656475473528 0.600768529513176 112
1656475536978 0.6007682103505445 113
1656475592026 0.6007682321152303 114
1656475649125 0.6007691275359102 115
1656475711710 0.6007682337772747 116
1656475772284 0.6007683850970386 117
1656475824820 0.6007686034531184 118
1656475890619 0.6007682870979416 119
1656476520725 0.5957987140222084 120
1656476573037 0.1858394423931867 121
1656476625606 0.1910004152345614 122
1656476669235 0.1937978994337165 123
1656476713406 0.15124433054629674 124
1656476759276 0.1264081162653996 125
1656476806862 0.154297534118975 126
1656476855902 0.15068452375991756 127
1656476902903 0.15020683017047767 128
1656476949273 0.14938508728111982 129
1656477556023 0.12074288358566052 130
1656477595104 0.09492438128662942 131
1656477643280 0.06710866687051695 132
1656477695155 0.03860786815775751 133
1656477749566 0.02279755868021606 134
1656477794969 0.023650410640553197 135
1656477837731 0.019914017255816298 136
1656477879628 0.0229528794883826 137
1656477924008 0.027837924174427015 138
1656477971008 0.025358767229695572 139
1656478608728 0.015177237697829575 140
1656478650495 0.004755611634812378 141
1656478692951 0.0035795949120718045 142
1656478736049 0.0047406879582971555 143
1656478780676 0.007075273357351995 144
1656478819964 0.002469777616034985 145
1656478870655 0.00429873410801573 146
1656478918623 0.00211122708558894 147
1656478968004 0.0019268252177663944 148
1656479018907 0.00035513309602106056 149
1656479586918 0.0013340265058955252 150
1656479636694 0.0023625133927557608 151
1656479684459 0.004839565607806209 152
1656479731453 0.00759204574722665 153
1656479779364 0.002744349713947363 154
1656479827941 0.003897938612941012 155
1656479879006 0.0010268844908918884 156
1656479926620 0.0026062050765673582 157
1656479968481 0.0038761461486036233 158
1656480013837 0.0030144731953058723 159
1656480609068 0.005408862940469501 160
1656480653914 0.005188270363760475 161
1656480693685 8.07347241284749e-06 162
1656480734295 0.00015370606774265261 163
1656480778639 0.003973965650828894 164
1656480825432 0.004180077675234355 165
1656480866741 0.0001501160738581332 166
1656480907387 0.00010603944333758544 167
1656480949931 1.2868980388700208e-05 168
1656480994482 0.00013621271191870598 169
1656481523486 6.442045161717241e-05 170
1656481562670 0.00012031563768742301 171
1656481605491 8.24843664030976e-05 172
1656481647732 0.00011287227595802312 173
1656481684854 0.0002079300156856566 174
1656481721544 0.0001924735624668824 175
1656481763764 0.00020251932967396344 176
1656481797204 0.00023450422562360136 177
1656481834715 0.00024121095506194875 178
1656481868581 0.000518913882076426 179
1656482389481 0.00026672175888924673 180
1656482425412 0.0002598894925407722 181
1656482462466 0.0002833745822993028 182
1656482497875 0.00027854433612681424 183
1656482534194 0.00028161828252727715 184
1656482565751 0.0002851743133745722 185
1656482597648 0.00026609186304481073 186
1656482634856 0.000245026007372505 187
1656482673212 0.00020844802792739517 188
1656482711763 0.00023431462036154133 189
1656483202701 0.00020782014986771107 190
1656483236769 0.00017994970477465356 191
1656483268288 0.00011306981408827242 192
1656483299328 7.298587668699234e-05 193
1656483338614 0.00012805480556089583 194
1656483373446 0.019229719417990447 195
1656483414853 0.0001685772848565052 196
1656483451983 0.0001638386759184199 197
1656483492575 0.00016192865336914133 198
1656483528993 8.18051344312243e-05 199
1656484029222 0.00012028938443988963 200
1656484070423 9.165575381521029e-05 201
1656484111326 6.507125831001128e-05 202
1656484148223 0.00013592700554438666 203
1656484186171 0.00024389464185519284 204
1656484227638 0.00015360233417875094 205
1656484268868 0.00018711947335907928 206
1656484305868 9.256818566780005e-05 207
1656484346936 0.00013065404906372705 208
1656484386322 0.00021684014696592634 209
1656484877590 0.00017912054643529855 210
1656484912972 0.00026343624555958626 211
1656484953435 0.0002031776353744175 212
1656484986383 0.0002457570863040175 213
1656485021907 0.0002799537296857841 214
1656485055145 0.00026882587998357287 215
1656485089662 0.000249893439374193 216
1656485125850 0.00021487502779892202 217
1656485164938 0.0001785788241135105 218
1656485199604 0.00016002261795291942 219
1656485690507 0.00021802962622216983 220
1656485729097 0.004760355046058665 221
1656485766068 0.00031452119902832865 222
1656485802818 0.00028591319979658384 223
1656485837183 0.0022328346474430978 224
1656485878201 0.00026058020998016493 225
1656485917169 0.00024959811717655195 226
1656485955614 0.003896022168680022 227
1656485993869 0.00029597025736997266 228
1656486030571 0.0003302889847721685 229
1656486497515 0.00035417450016999794 230
1656486529476 0.00033501706827874025 231
1656486563596 0.0003521556676488436 232
1656486596727 0.0003696427871876075 233
1656486631100 0.0003503549397918175 234
1656486663765 0.0003350052632886645 235
1656486693859 0.0003149447467552573 236
1656486728436 0.00029664015210573017 237
1656486764465 0.0003125905342442988 238
1656486795272 0.0003277491381375139 239
1656487253168 0.0003496686858662128 240
1656487293514 0.0003404883501447115 241
1656487325053 0.0003571703198087309 242
1656487354527 0.00037309469764350853 243
1656487391904 0.0003808261535616902 244
1656487431431 0.0003847431822873522 245
1656487465305 0.00038309124601045366 246
1656487495552 0.00038957661139098643 247
1656487529223 0.00039077309596948244 248
1656487560324 0.0004005980379483626 249
1656488013881 0.00038766087551323457 250
1656488043475 0.0018932973009054966 251
1656488074141 0.0018252586496653855 252
1656488106800 0.00041338964676505266 253
1656488141090 0.0018134805511815615 254
1656488172346 0.00039686512626476355 255
1656488203284 0.00039067102725273 256
1656488237258 0.0003752545790989426 257
1656488265890 0.00036760936487294964 258
1656488296958 0.00036562436808266563 259
1656488747489 0.000371820586374862 260
1656488781976 0.0003678725508011872 261
1656488816667 0.0004242868197636704 262
1656488847725 0.00035746953790748506 263
1656488875472 0.00035606187285838796 264
1656488908426 0.00034430569605833124 265
1656488938466 0.0003288313500037013 266
1656488972098 0.00030660120070325966 267
1656489009760 0.000335333831698148 268
1656489045159 0.000328415349418131 269
1656489489664 0.0003164242005682552 270
1656489520923 0.0002967299221624531 271
1656489556140 0.00027701286561104387 272
1656489591069 0.0002849601142721758 273
1656489623895 0.0002631412876825416 274
1656489656709 0.00023130589638562914 275
1656489684476 0.00023251107584471888 276
1656489718734 0.00023990884878034423 277
1656489751002 0.00024982457966028424 278
1656489782688 0.00020980146323120678 279
1656490236847 0.0008237848314533568 280
1656490270892 0.00020849242580236495 281
1656490301982 0.0002470183459807075 282
1656490331688 0.00021728626625065577 283
1656490363603 0.0009090761766944108 284
1656490396227 0.00021801931642087633 285
1656490427765 0.00019256940507243747 286
1656490458357 0.000158020542838656 287
1656490493135 0.00011180372239423617 288
1656490528058 0.00014953893631881616 289
1656491011695 0.00017902213011309655 290
1656491047029 0.00011381945319089998 291
1656491081046 0.001421124598205801 292
1656491114376 0.00016408108739736013 293
1656491149143 0.00014024233068652987 294
1656491182159 0.00016443551060368617 295
1656491213538 0.0001336586589616483 296
1656491246707 0.00015268698212902304 297
1656491283350 0.0001223041708150411 298
1656491321276 0.00014806929169834757 299
1656491801918 0.0011804325230384744 300
1656491838506 0.00018104706009385713 301
1656491875966 0.0013448656748038532 302
1656491910164 0.00017241966820970463 303
1656491946985 0.00019424456709863248 304
1656491980409 0.0011302941203349412 305
1656492021113 0.00012320545372328847 306
1656492056478 0.0001110689047718336 307
1656492093868 6.570330990820702e-05 308
1656492129701 5.9133707839278786e-05 309
1656492600527 3.314831359077855e-05 310
1656492631603 0.0020481272725552087 311
1656492666672 0.0020101424261162607 312
1656492705824 0.0020388761811628475 313
1656492737442 2.600995473204474e-05 314
1656492771900 4.803120093415606e-05 315
1656492806386 8.393469583609786e-05 316
1656492839036 0.001891915277259495 317
1656492873508 9.89779832350525e-05 318
1656492914743 8.131539048404201e-05 319
1656493417406 0.00010043013409186813 320
1656493455509 0.00012828973080142216 321
1656493495984 9.97559558072493e-05 322
1656493533442 7.088270805161601e-05 323
1656493570979 7.020035620862626e-05 324
1656493604741 2.734296725229006e-05 325
1656493638118 1.1357106965799967e-05 326
1656493678129 0.002047851044247627 327
1656493713575 0.002231410972437468 328
1656493747688 0.0021298332104811492 329
1656494226234 4.539739242025425e-05 330
1656494259892 4.205799517358923e-05 331
1656494293310 5.368822093723951e-05 332
1656494327551 6.254415560304032e-05 333
1656494359612 6.436583358308823e-05 334
1656494396940 6.871417219538479e-05 335
1656494428634 8.207027970080077e-05 336
1656494461456 0.003885494477691588 337
1656494493407 9.072345527289319e-05 338
1656494529269 0.0038543305416932567 339
1656495008542 2.8782545531905006e-05 340
1656495045640 0.004310982660524883 341
1656495081874 0.0044246843212649095 342
1656495114769 1.5751531706965395e-05 343
1656495149871 0.004114466373966994 344
1656495183891 5.6385716990597044e-05 345
1656495219647 3.6941407181685475e-05 346
1656495255033 0.004199204292122425 347
1656495290221 5.3146679549693e-05 348
1656495324245 0.0041762058596490695 349
1656495800842 3.6819096885102806e-05 350
1656495836948 0.002225586487934191 351
1656495869309 0.004062151454486417 352
1656495902701 6.153964296063807e-05 353
1656495937066 0.004071055520369631 354
1656495971141 0.00394657106808726 355
1656496006005 9.441138725083727e-05 356
1656496039189 0.0018858745326532922 357
1656496073208 4.474886300271253e-05 358
1656496111256 3.4082602775121866e-05 359
1656496587464 0.0038213318125571165 360
1656496623759 8.748181589563354e-05 361
1656496662799 6.680092412848868e-05 362
1656496700023 0.001867979523670918 363
1656496734471 6.746231028350452e-05 364
1656496770672 3.0072228113029245e-05 365
1656496804628 2.9609283193019267e-05 366
1656496839355 5.079740760384043e-05 367
1656496872607 3.092505691120861e-05 368
1656496905876 4.564354976416881e-05 369
1656497392407 1.4872948304496536e-05 370
1656497426456 0.0021959157707318027 371
1656497462136 5.928663006341331e-06 372
1656497496701 8.352949787664848e-07 373
1656497532062 1.0590031717038276e-05 374
1656497563893 1.7532029113002598e-05 375
1656497600037 0.002235708221842384 376
1656497632730 1.3432783554457282e-05 377
1656497666658 4.235182786841828e-05 378
1656497700063 0.0027476566498353056 379
1656498185741 9.527370460627599e-05 380
1656498219312 4.923688657671073e-05 381
1656498254857 1.8117491226651156e-05 382
1656498292240 7.883108704993119e-07 383
1656498326476 1.9269242045425947e-05 384
1656498360894 3.701842400267129e-05 385
1656498397848 1.3709825011832058e-05 386
1656498433991 5.7535448303237466e-05 387
1656498472956 9.205967687490272e-05 388
1656498513551 3.531226265530117e-05 389
1656499020320 9.155257286069547e-05 390
1656499052667 5.061503149856369e-05 391
1656499086385 0.0038290445064636655 392
1656499126456 0.0036622076998211487 393
1656499163062 1.3993209512268116e-05 394
1656499200089 4.5315636858057375e-05 395
1656499238772 8.157175723796234e-05 396
1656499272394 2.7382524247629957e-05 397
1656499304939 5.557310458174491e-05 398
1656499341440 0.003405153222442374 399
1656499817351 0.0001498397288884866 400
1656499851576 0.0032453947281639566 401
1656499886867 0.00017307457756459733 402
1656499924630 0.00016035807213401598 403
1656499957336 0.0017018675118496856 404
1656499991236 0.0017795441273817038 405
1656500028163 0.003330644208511583 406
1656500064146 0.00338843108367044 407
1656500096965 0.0034455824351019154 408
1656500134631 0.0035751717439025253 409
1656500608593 0.0035227916219850576 410
1656500643662 0.0035333078506994565 411
1656500680750 0.00354323053916204 412
1656500719058 0.003603070861860285 413
1656500751505 0.0035941444968704958 414
1656500787480 0.0035595406066981717 415
1656500826058 0.0035202016603529266 416
1656500863230 0.002850530006290292 417
1656500900491 0.003444310588915275 418
1656500933412 0.00010455455236933579 419
1656501408745 0.00335485325500789 420
1656501449960 0.0033122744134919608 421
1656501488868 0.0019693365445965453 422
1656501523232 0.0032710635410607833 423
1656501562926 0.0022536379783853326 424
1656501599015 0.003387175863500065 425
1656501633561 0.002246902164469944 426
1656501670757 7.661541455172491e-05 427
1656501703045 0.003789373916360695 428
1656501736951 3.944976110697041e-05 429
1656502216444 0.0036484195715972556 430
1656502252392 0.0037970142874735645 431
1656502292566 0.003710962249855674 432
1656502326911 0.003615947233591181 433
1656502359072 0.003542225974099148 434
1656502396139 3.0283400519383157e-05 435
1656502433571 5.062959571947197e-05 436
1656502468453 6.367476300579537e-05 437
1656502506916 0.0023290936701993235 438
1656502537270 0.0035214478643795003 439
1656503005489 8.979785556845893e-05 440
1656503043885 0.003378326812638935 441
1656503080366 0.00013371315704452207 442
1656503115974 0.003197844295283106 443
1656503148061 0.00300258588021864 444
1656503187248 0.0030394711351611693 445
1656503218933 0.003089095665950777 446
1656503257889 0.0030415381089385265 447
1656503294776 0.002990046886400543 448
1656503326471 0.001887883082264535 449
1656503793239 0.003037627554766933 450
1656503833326 0.003076066905663083 451
1656503868602 0.0029681246846963785 452
1656503897867 0.00015176719450242689 453
1656503932207 0.00015052112002250824 454
1656503966786 0.00014456349805797974 455
1656503999660 0.00013393112452915554 456
1656504034683 0.0001426358056804038 457
1656504069485 0.00013530809830106585 458
1656504103416 0.00012348219768770242 459
1656504631420 0.00012330107199703347 460
1656504667714 0.0001342547400752089 461
1656504704573 0.003134301680042609 462
1656504743009 0.00014315918475817525 463
1656504779754 0.00012656427833115502 464
1656504818610 0.00293690779869532 465
1656504856158 0.00015892721841563508 466
1656504888923 0.00015471043300906324 467
1656506779297 0.00013888892440284788 468
1656506818472 0.00012647135912277705 469
1656507244549 0.0001484445067224116 470
1656507286251 0.00013277733392181527 471
1656507324586 0.00012546940820205247 472
1656507368477 0.00012022462043081127 473
1656507408759 0.0001335433937334797 474
1656507450543 0.0001222687071419171 475
1656507489571 0.00011310502132519992 476
1656507523439 0.00011729256147923351 477
1656507560208 0.0035037173409170523 478
1656507603334 0.0035600282658669923 479
1656508095741 2.3735775816689092e-05 480
1656508135358 0.0035894158525705652 481
