1656627772847 0.8573576100025224 0
1656627837477 0.6560971493031365 1
1656627910890 0.7118090871582406 2
1656627990646 0.7325292053622773 3
1656628053567 0.6826484807533099 4
1656628139202 0.4527317317805821 5
1656628185798 0.28453932263916826 6
1656628232951 0.2652377045217684 7
1656628282175 0.13201294602101754 8
1656628325344 0.11058660542224419 9
1656628411327 0.14876762192559057 10
1656628462721 0.08372193662123706 11
1656628498506 0.07985204059483408 12
1656628543998 0.2303625801731347 13
1656628597880 0.32902209196878907 14
1656628679877 0.2720594871156057 15
1656628730985 0.3130074770393757 16
1656628789923 0.34557100031992194 17
1656628850342 0.30539585498930644 18
1656628902781 0.2833606851208573 19
1656628975443 0.2862762240737128 20
1656629034776 0.26024987098142927 21
1656629092682 0.21831680287386324 22
1656629145576 0.21484697492261717 23
1656629198840 0.20155006081007776 24
1656629297010 0.1896432580671934 25
1656629339988 0.21671011037374 26
1656629392045 0.17989869467826847 27
1656629437822 0.16924098372320318 28
1656629484504 0.18441246190369176 29
1656629564216 0.21998612090065606 30
1656629614119 0.2576992081887207 31
1656629662263 0.27468906073512667 32
1656629706486 0.25043404397882685 33
1656629755146 0.2629052879718843 34
1656629838092 0.23611936546159362 35
1656630050285 0.25257381481746355 36
1656630105484 0.27042424420093536 37
1656630163584 0.274170667348951 38
1656630223281 0.2880773925200034 39
1656630317787 0.22377635776610838 40
1656630378326 0.16307745698995135 41
1656630431825 0.16866225642157306 42
1656630482483 0.16022851681340955 43
1656630555818 0.16898840307280416 44
1656630665825 0.16738216667622252 45
1656630726030 0.16382771336962576 46
1656630794083 0.15888392424648767 47
