1656627772846 0.11115613567632596 0
1656627837475 0.6250002098598108 1
1656627910889 0.6249870744086369 2
1656627990645 0.6252887984570042 3
1656628053566 0.7620784958811505 4
1656628139201 0.663602464718741 5
1656628185796 0.003704180598266372 6
1656628232950 0.6072174235011609 7
1656628282174 0.02232260486235426 8
1656628325342 0.0029902464482210803 9
1656628411326 0.012449044749487452 10
1656628462720 0.020346719328011173 11
1656628498505 0.026202175151658583 12
1656628543997 0.3931972193893318 13
1656628597879 0.21589856382303144 14
1656628679876 0.21544494626177815 15
1656628730984 0.21642632085690597 16
1656628789922 0.2163046235610098 17
1656628850341 0.21523720543067934 18
1656628902780 0.2158765784044835 19
1656628975442 0.21469621674485187 20
1656629034775 0.21752081074702528 21
1656629092681 0.21712039383329992 22
1656629145575 0.21696271593254818 23
1656629198839 0.08750203243274665 24
1656629297009 0.08575138825926931 25
1656629339987 0.12910907967849197 26
1656629392044 0.20776386791148196 27
1656629437821 0.15384703837900912 28
1656629484503 0.21251633367944422 29
1656629564215 0.10796700803944578 30
1656629614118 0.4701435919767981 31
1656629662262 0.17528533942321753 32
1656629706485 0.17293897668293054 33
1656629755145 0.20248982241375524 34
1656629838091 0.158265090973509 35
1656630050284 0.12397261830501746 36
1656630105483 0.1806002367124685 37
1656630163583 0.17647563652754308 38
1656630223280 0.174505966230227 39
1656630317786 0.3962950356356197 40
1656630378325 0.051337883102537805 41
1656630431824 0.0025040243637513664 42
1656630482482 -0.0008228442198758199 43
1656630555816 0.3628862839826629 44
1656630665823 0.010868772579852796 45
1656630726029 0.7114352350290863 46
1656630794082 0.37409869849286326 47
