1656521083142 0.26604279907492345 0
1656521121172 0.24635729330461442 1
1656521150990 0.32685856786959877 2
1656521176112 0.29711058623622044 3
1656521214441 0.29711096772474666 4
1656521351310 0.2969719687539004 5
1656521384177 0.296968860145977 6
1656521439002 0.32161528372832826 7
1656521505318 0.3216195800615942 8
1656521577133 0.3216224608150363 9
1656521783982 0.32051646220866914 10
1656521864538 0.33569174671624014 11
1656521935399 0.2900947151152422 12
1656522003633 0.24201739040884906 13
1656522099192 0.22848474798490426 14
1656522283102 0.20105080883236282 15
1656522354886 0.16361430997592918 16
1656522407184 0.17513499370101226 17
1656522443657 0.16623251260125482 18
1656522490031 0.12918226305477365 19
1656522653696 0.1390651893845296 20
1656522722498 0.10855107884962112 21
1656522778170 0.14389919510110638 22
1656522832640 0.12750318730008214 23
1656522885922 0.13159583421973187 24
1656523038493 0.12111583164433593 25
1656523098121 0.11452992445859578 26
1656523160661 0.11456333213020631 27
1656523217336 0.11456284735667777 28
1656523262522 0.11456304430483066 29
1656523414017 0.09336727231068664 30
1656523459604 0.05878790143317203 31
1656523499248 0.07040866252400446 32
1656523536988 0.0627698329204025 33
1656523580639 0.057115805006637044 34
1656523707211 0.0721127120519901 35
1656523764900 0.07211272541216895 36
1656523827892 0.07211276169006764 37
1656523879339 0.07211276152661927 38
1656523945575 0.07211276149094648 39
