1656521083141 0.3630310955237074 0
1656521121171 0.3427595365230254 1
1656521150989 0.36722992130041726 2
1656521176111 0.05796517824055619 3
1656521214439 0.05796528636235529 4
1656521351309 0.05799038374893273 5
1656521384176 0.05799116739717011 6
1656521439000 0.3637318665109642 7
1656521505317 0.3447811339214868 8
1656521577132 0.34478088203893525 9
1656521783980 0.3449501999155994 10
1656521864537 0.37159756491738644 11
1656521935398 0.37206522634535294 12
1656522003631 0.3487625156454455 13
1656522099190 0.35167358285902445 14
1656522283101 0.3610484186456564 15
1656522354885 0.36700278906324046 16
1656522407182 0.3645651341336709 17
1656522443655 0.36660648347459135 18
1656522490030 0.36229376906826544 19
1656522653694 0.3622146036789043 20
1656522722496 0.3623391350103734 21
1656522778169 0.1574875375768313 22
1656522832639 0.08100939334536346 23
1656522885921 0.12736807640449074 24
1656523038491 0.052032671354414556 25
1656523098120 0.08277404590377793 26
1656523160660 0.04809370675897856 27
1656523217335 0.11043314911016779 28
1656523262521 0.044805576027447516 29
1656523414016 0.35560566427456997 30
1656523459603 0.006581500886785659 31
1656523499247 0.005910254748361345 32
1656523536987 0.07017255239394085 33
1656523580638 0.005661981879156171 34
1656523707209 0.013703453487651136 35
1656523764898 0.013703456827083852 36
1656523827890 0.01370345407776902 37
1656523879337 0.013703492483525856 38
1656523945572 0.013703467451577519 39
