1656521544877 0.6501157184513333 0
1656521564147 0.47014041035622256 1
1656521597118 0.4844642004314552 2
1656521685216 0.5430153540198845 3
1656521756941 0.5396853803831068 4
1656521823331 0.7255203354933855 5
1656521889847 0.6849856378249182 6
1656521945146 0.5929704562730276 7
1656521998105 0.29837337608904313 8
1656522057684 0.3922866541917691 9
1656522133245 0.3828177473154156 10
1656522252190 0.30119031858407275 11
1656522333181 0.28515843830967547 12
1656522413021 0.19052487101830085 13
1656522500044 0.19006715553484999 14
1656522610900 0.18447178319067925 15
1656522685518 0.19573290200115456 16
1656522771831 0.248282508517901 17
1656522852466 0.15600466328028506 18
1656522928182 0.1466787274233542 19
1656523032637 0.08591831071863565 20
1656523095856 0.046613390829502444 21
1656523149551 0.02549667375922071 22
1656523192496 0.017056654181765607 23
1656523245436 0.00837292711051807 24
1656523297937 0.022299408702446843 25
1656523383205 0.015293750742946699 26
1656523425882 0.032537113163841114 27
1656523470305 0.045912525343652866 28
1656523506074 0.03344329131594892 29
1656523548735 0.02635991665041526 30
1656523587143 0.03037932010793476 31
1656523656478 0.03929664071539907 32
1656523705918 0.023214486315856764 33
1656523753965 0.016199690786166343 34
1656523808549 0.014055605715466601 35
1656523859061 0.011420203648201399 36
1656523915678 0.009466008728624575 37
1656523985689 0.00858110535713108 38
1656524052774 0.007988455653799242 39
