1656521544875 1.0149978152840053 0
1656521564146 0.9663364631157442 1
1656521597116 0.7889312399535161 2
1656521685213 0.40753896565500247 3
1656521756940 1.0640052489192366 4
1656521823329 0.9782558843703157 5
1656521889845 1.0334458197612983 6
1656521945145 1.0038588726561124 7
1656521998104 0.012479965715205616 8
1656522057683 0.16787927799732066 9
1656522133243 0.17211776196684106 10
1656522252188 0.16728082359015067 11
1656522333180 0.17198370099215596 12
1656522413020 0.17265096519473416 13
1656522500043 0.020824929713261497 14
1656522610898 0.020303342732007783 15
1656522685517 0.027608368882257938 16
1656522771830 0.01950941970897072 17
1656522852464 0.029680047332150437 18
1656522928180 0.02306555000963189 19
1656523032635 0.012560144389606034 20
1656523095855 0.008828246886781136 21
1656523149550 0.010337473009657611 22
1656523192494 -0.001896270264247107 23
1656523245435 -0.002399299906671145 24
1656523297936 0.011643345712194404 25
1656523383204 0.012316483512026102 26
1656523425880 0.006490363802655821 27
1656523470303 0.004548550320492969 28
1656523506073 0.014740348717021439 29
1656523548734 -0.0016479403964161374 30
1656523587142 0.015053068379013702 31
1656523656476 -0.0008264789484184526 32
1656523705917 0.005775821398757031 33
1656523753964 -0.0018459155709275058 34
1656523808547 0.013805087014755538 35
1656523859059 -0.0022276058274860924 36
1656523915676 -0.0025357713139527605 37
1656523985687 -0.005019799762185474 38
1656524052773 0.006814132964617647 39
