1656513113751 0.46844658015313545 0
1656513189492 0.325870592673679 1
1656513250536 0.41307183974279515 2
1656513324191 0.4344737090482199 3
1656513393084 0.18271634760946953 4
1656513482421 0.17809361577572347 5
1656513554690 0.2701619633917983 6
1656513638148 0.2667804116554292 7
1656513718102 0.2581607937080115 8
1656513818673 0.43304643166526813 9
1656513878968 0.4330459503328512 10
1656513999278 0.4330458936671575 11
1656514093021 0.5016364143106578 12
1656514200809 0.5016355734409443 13
1656514293785 0.461414764673577 14
1656514390408 0.39614213493648254 15
