1656513113749 0.8352893339186482 0
1656513189491 0.38476415133613173 1
1656513250535 0.14204603417650502 2
1656513324190 0.23385586681145423 3
1656513393083 0.05332708193451438 4
1656513482420 0.040061243245379324 5
1656513554689 0.02090201423564452 6
1656513638147 0.02121207866660574 7
1656513718101 0.04653342402674224 8
1656513818672 0.05937900683014608 9
1656513878967 0.2323940674738225 10
1656513999277 0.19862453966929955 11
1656514093020 0.4979707721388774 12
1656514200808 0.2857093862354587 13
1656514293784 0.03436507155777338 14
1656514390407 0.35544437241518084 15
