1656691931628 1.5496936666900267 0
1656691941178 1.4838289864156933 1
1656691955935 0.7677444781786983 2
1656691967262 0.6357971671610465 3
1656691983599 0.5587576482102854 4
1656692095962 0.5960747550028205 5
1656692112253 0.6353816423420894 6
1656692143523 0.7295598218317877 7
1656692197476 0.6303699056691058 8
1656692255324 0.5725621978660664 9
1656692372371 0.6259166037157068 10
1656692430518 0.6320868094463237 11
1656692488969 0.5610147738166176 12
1656692546535 0.49717469723271535 13
1656692608393 0.5496136953314729 14
1656692735457 0.5147070632618482 15
1656692794178 0.6026203510042166 16
1656692855938 0.6538417182469269 17
1656692908518 0.6508292017473726 18
1656692958133 0.6065680018995369 19
1656693067699 0.5786770704895998 20
1656693107002 0.6299568064257796 21
1656693140754 0.6306276124347725 22
1656693183248 0.6266798314005187 23
1656693217658 0.7963869060851858 24
1656693321677 0.7747286323160457 25
