1656691931627 1.7128892395093216 0
1656691941177 3.1855042219494396 1
1656691955934 5.018763018480436 2
1656691967261 3.521278038729319 3
1656691983599 2.1186547973945555 4
1656692095961 3.1200580400368203 5
1656692112252 2.698775644613199 6
1656692143522 1.2016119380554717 7
1656692197475 0.363103781617632 8
1656692255323 0.44769880680707597 9
1656692372370 0.4626953636889553 10
1656692430516 0.4436361494318142 11
1656692488968 0.4365179678156499 12
1656692546533 0.38831312432278087 13
1656692608392 0.40132187296011934 14
1656692735456 0.3422684186151399 15
1656692794177 0.3639377193224296 16
1656692855937 0.3773732938220274 17
1656692908516 1.191528537657859 18
1656692958132 0.3517887513292456 19
1656693067698 0.3230392193122624 20
1656693107001 1.3150430475756187 21
1656693140753 0.35944472107847597 22
1656693183247 0.33994390572681304 23
1656693217657 1.5649655185768834 24
1656693321675 1.7787996654488507 25
