1656540112347 0.9920635385805421 0
1656540180131 0.9920635400657554 1
1656540234342 0.9920614400791253 2
1656540290916 0.9920614599756602 3
1656540353281 0.9920614599756602 4
1656540550267 0.992061457383253 5
1656540643337 0.8928812937045254 6
1656540729121 0.8928839988548883 7
1656540819425 0.8928865696100264 8
1656540924402 0.892885139507893 9
1656541130717 0.8714959510930634 10
1656541229019 0.8714892566737564 11
1656541334525 0.8714986469896226 12
1656541422759 0.8256767784593253 13
1656541505335 0.821541237422601 14
1656541715341 0.7928156372063639 15
1656541781935 0.7888170320601453 16
1656541852741 0.7888167640202595 17
1656541926176 0.7850657183710509 18
1656542007750 0.7728898097985146 19
1656542237083 0.7332696912174195 20
1656542307951 0.6857521071661983 21
1656542390393 0.6857551687486392 22
1656542469940 0.6857550293217494 23
1656542545045 0.5659643787650557 24
1656542750383 0.5621599031869808 25
1656542819668 0.5621572250963116 26
1656542866992 0.564902329601122 27
1656542917879 0.5211897898642536 28
1656542992335 0.5207205483033024 29
1656543201283 0.3234823406332127 30
1656543270266 0.32348204711959805 31
1656543334787 0.3234819047013373 32
1656543397186 0.3234812196397554 33
1656543465595 0.32348113183255234 34
1656543660699 0.32348113187385985 35
1656543731852 0.32348113187385197 36
1656543803497 0.3060849973998264 37
1656543872959 0.24907337999558854 38
1656543935221 0.24904433437972118 39
1656544111707 0.23988611638353674 40
1656544179576 0.2652034097524122 41
1656544243807 0.26611920197386163 42
1656544308209 0.2661192029067728 43
1656544373471 0.2661192025840714 44
1656544559206 0.26611782577048304 45
1656544625997 0.25247769203317305 46
1656544692770 0.2524776922265408 47
