1656540112346 -0.0018756661110639913 0
1656540180130 0.030617830440700287 1
1656540234341 0.09633626203571713 2
1656540290915 0.4192889650393774 3
1656540353279 0.06564084716168628 4
1656540550266 0.07133962194109836 5
1656540643335 0.20935030137442154 6
1656540729120 0.2120398744653282 7
1656540819424 0.2095026346093293 8
1656540924401 0.20829822431310485 9
1656541130715 0.20917835537990964 10
1656541229018 0.2094265897075938 11
1656541334524 0.20936138487670222 12
1656541422757 0.07080260894941684 13
1656541505334 0.05381485958978373 14
1656541715340 0.05557258444227504 15
1656541781934 0.049055482523523194 16
1656541852740 0.051820844014255026 17
1656541926175 0.05283898738186279 18
1656542007749 0.053735287208479594 19
1656542237082 0.05387972586444718 20
1656542307950 0.051536414171811956 21
1656542390392 0.011145835881076501 22
1656542469939 0.05153576097249922 23
1656542545044 0.01650618356340208 24
1656542750382 -0.00029430611955209526 25
1656542819667 -0.00023988548915351892 26
1656542866991 0.01637469463139864 27
1656542917878 -0.0002676023799008337 28
1656542992334 -0.0002458100936236704 29
1656543201281 0.005214053935058559 30
1656543270265 0.005218401296706297 31
1656543334786 0.0052163100177214355 32
1656543397185 0.005218541617675964 33
1656543465594 0.005215204083480572 34
1656543660698 0.005215243206271548 35
1656543731850 0.005207181845884623 36
1656543803496 0.005265669325408817 37
1656543872958 0.00042539451998643623 38
1656543935220 0.0004245488446360324 39
1656544111706 0.00036880492357344247 40
1656544179575 0.051926722010290034 41
1656544243806 0.0005876581413030886 42
1656544308208 0.0005887351092771988 43
1656544373470 0.000588131477990085 44
1656544559204 0.0005890240999174446 45
1656544625996 0.0512352574545574 46
1656544692769 8.151070061302975e-05 47
