1656637409374 0.9094051848904938 0
1656637490825 0.61163456721783 1
1656637589022 0.616974198343549 2
1656637639581 0.5840113078056222 3
1656637697711 0.5932760209434769 4
1656637755794 0.5511452753928652 5
1656637816536 0.5521308090921904 6
1656637887052 0.5423774664654629 7
1656637952278 0.3896819578791273 8
1656638010441 0.4039994862945544 9
1656638089292 0.40402590337276223 10
1656638203185 0.23233665566674488 11
1656638280834 0.2323368038486915 12
1656638345444 0.2323369242709492 13
1656638410063 0.23224894439186383 14
1656638478642 0.2324405688838186 15
1656638552732 0.1258278960449063 16
1656638627904 0.14046753916431387 17
1656638769102 0.1390430519936573 18
1656638874018 0.13909530393078706 19
1656638960104 0.13930784874295177 20
1656639040815 0.1393080649512427 21
1656639114698 0.1393192523979172 22
1656639205958 0.1330690766044652 23
1656639340625 0.1327782541917768 24
1656639453657 0.11504376286021811 25
1656639535003 0.06322929743521255 26
1656639710274 0.06303287309744321 27
1656639834823 0.05326368178857299 28
1656639978649 0.05325566902374401 29
1656640071607 0.03975837664479742 30
1656640188836 0.03975833510823412 31
1656640277191 0.039758336577960574 32
1656640404890 0.055380883429474004 33
1656640519186 0.05098760420852855 34
1656640614527 0.05098755126688714 35
1656640697976 0.051226503064812356 36
1656640764774 0.05127822656266112 37
1656640828588 0.045126360850520686 38
1656640908964 0.045907537612573046 39
1656640958228 0.045878502386445086 40
1656641094725 0.06420385047932498 41
1656641161337 0.06417656006713557 42
1656641204799 0.14275609742163298 43
1656641253225 0.14301426964318986 44
1656641306413 0.095934424586683 45
1656641356004 0.09536893647657751 46
1656641404971 0.09536894875981183 47
1656641449396 0.09369817819331683 48
1656641503222 0.0936982439253099 49
1656641550573 0.07830510725867468 50
1656641603359 0.07830510906281829 51
1656641655963 0.07830510818008551 52
1656641706982 0.07830510704208582 53
1656641765609 0.07830509987906542 54
1656641820789 0.0781197733517971 55
1656641874834 0.0781197697432654 56
1656641924341 0.0781197552134949 57
1656641979829 0.07811974463012594 58
1656642034194 0.07811969422623855 59
1656642089503 0.07811969320767187 60
1656642140114 0.07811967049828905 61
1656642190260 0.07812068254337123 62
1656642245593 0.07812068997989652 63
1656642309697 0.14386188648069886 64
1656642372464 0.04145996226761206 65
1656642431227 0.041459968485117016 66
1656642486949 0.04145397520254446 67
1656642540491 0.04145392507662626 68
1656642595815 0.06113984863596955 69
1656642654487 0.061254150287441966 70
1656642713121 0.061254120302838055 71
1656642768540 0.06125408898552642 72
1656642824998 0.06125409018745753 73
1656642884060 0.06125409136220439 74
1656642939194 0.0612540818728744 75
1656642995001 0.061254923614662005 76
1656643052365 0.06123655877613898 77
1656643111943 0.06123657974196439 78
1656643164392 0.06141123408975979 79
1656643218919 0.07998809616750313 80
1656643272675 0.07998808705355354 81
1656643329090 0.08650400037373795 82
1656643382638 0.10009439856137536 83
1656643443082 0.0975709910282494 84
1656643498634 0.09757099018297055 85
1656643555599 0.09757098546569054 86
1656643607503 0.09753746292120713 87
1656643662956 0.09616561646231236 88
1656643719552 0.0968790790686862 89
1656643775961 0.09685467342153642 90
1656643831462 0.0968545923646893 91
1656643884492 0.09685457486227467 92
1656643940682 0.09685415313119305 93
1656643994976 0.10359795830536 94
1656644049279 0.10359795190658894 95
1656644104761 0.10346559972443381 96
1656644157378 0.10344654159562283 97
1656644211872 0.10340651209130136 98
1656644266110 0.10339558751378886 99
1656644323193 0.10351797109640382 100
1656644376385 0.10351797084749914 101
1656644427365 0.10351797261980289 102
1656644476415 0.0973625951125715 103
1656644527343 0.0969100467912043 104
1656644586641 0.0969419770668456 105
1656644642726 0.09694197813244898 106
1656644697149 0.07232610498840453 107
1656644747574 0.07154471931106565 108
1656644803880 0.07154468036793382 109
1656644863691 0.07154467937044928 110
1656644914035 0.07149720119397962 111
1656644969483 0.0714974849785418 112
1656645021482 0.06700961083308099 113
1656645080203 0.06707633307662753 114
1656645131457 0.0670764450979473 115
1656645187533 0.06706001655951543 116
1656645244066 0.06365911289939319 117
1656645296492 0.06365907272565097 118
1656645352302 0.06365906958512324 119
1656645407033 0.06365906020163936 120
1656645461319 0.06379334813718429 121
1656645516875 0.07324089004026113 122
1656645570572 0.07324088827474196 123
1656645627021 0.07324088572738141 124
1656645683980 0.07287348392512127 125
1656645736706 0.07295717716610206 126
1656645793220 0.0729571788535629 127
1656645849413 0.07363996429527331 128
1656645905724 0.07392776174366777 129
1656645961834 0.07392776154544622 130
1656646019112 0.10261136533896975 131
1656646078039 0.10261136871369914 132
1656646139357 0.09396056951506382 133
1656646195003 0.09396057299418681 134
1656646257857 0.09396057654084244 135
1656646314955 0.09396058277377761 136
1656646375192 0.09396058430303944 137
1656646434250 0.09396058583520661 138
1656646495864 0.09389918559437938 139
1656646552485 0.09389918554982557 140
1656646614683 0.09389918585738655 141
1656646670612 0.09389918238256267 142
1656646734231 0.09389918197243008 143
1656646789948 0.09200009402379417 144
1656646854573 0.0919124191085976 145
1656646913696 0.055640355403491215 146
1656646974650 0.05564034021432096 147
1656647037301 0.055640337960065844 148
1656647103653 0.055640333530944996 149
1656647164180 0.05564018528058745 150
1656647231838 0.0556401473984417 151
1656647299319 0.0556401333357619 152
1656647354738 0.0836117616898564 153
1656647423194 0.08361176277283366 154
1656647485887 0.0764419713162523 155
1656647561705 0.07644197333808189 156
1656647624187 0.07962642710291401 157
1656647690332 0.07963949844287022 158
1656647749490 0.07963950187654811 159
1656647818362 0.07825775048176664 160
1656647880385 0.08104863558416364 161
1656647953117 0.08104861623339454 162
1656648020244 0.08104861059132806 163
1656648088666 0.08104853870631101 164
1656648156587 0.08103419909490472 165
1656648221607 0.08103422712738673 166
1656648287769 0.08103425154481503 167
1656648350997 0.08103426442195416 168
1656648418756 0.08583595815740008 169
1656648485345 0.08583595922883824 170
1656648542278 0.07325832945007105 171
1656648610975 0.07439024352199475 172
1656648665195 0.07439024456878296 173
1656648731311 0.07439025014051281 174
1656648799860 0.0743902703508067 175
1656648872263 0.07439026657920322 176
1656648941052 0.07439024220542612 177
1656649008084 0.07439023090314556 178
1656649086513 0.07293680250325973 179
1656649151485 0.07293692915034367 180
1656649220030 0.07293690817280785 181
1656649278910 0.07265940310484065 182
1656649340679 0.07265940040000562 183
1656649405105 0.07265939988404768 184
1656649467596 0.07229023253768807 185
1656649534222 0.07229023190197126 186
1656649601681 0.0722902215458997 187
1656649666041 0.07229022158856235 188
1656649728704 0.07229022168354515 189
1656649794536 0.07237499477169396 190
1656649870314 0.07237507429477918 191
1656649932337 0.07237506538955796 192
1656649998950 0.06503127652400365 193
1656650056662 0.06503128366069466 194
1656650112581 0.06503128840745953 195
1656650166411 0.06503139270247882 196
1656650220658 0.06503139117772061 197
1656650275722 0.06502996325362498 198
1656650333746 0.06502992767804305 199
1656650395967 0.06502984706853965 200
1656650463913 0.0650298399613709 201
1656650522888 0.06502982793244949 202
1656650587277 0.06502949681459724 203
1656650645128 0.06506862264567759 204
1656650702446 0.06506799846135614 205
1656650761033 0.06506799441733091 206
1656650818086 0.06504931011471393 207
1656650879358 0.06504930106612716 208
1656650938234 0.06474053717564521 209
1656650993602 0.06474053253957213 210
1656651050593 0.06474050912823992 211
1656651110583 0.06474050793228259 212
1656651167935 0.06474049568349349 213
1656651225649 0.06474049583637276 214
1656651284939 0.06474049603987841 215
1656651338695 0.06468376004887832 216
1656651393078 0.06463548293757404 217
1656651454026 0.06459146683153516 218
1656651515504 0.0645872036608387 219
1656651576839 0.06458721937468481 220
1656651637706 0.07111737462388568 221
1656651693104 0.07186059509191234 222
1656651747850 0.06962837842073988 223
1656651800019 0.0696283803381863 224
1656651852487 0.06859024568943306 225
1656651907068 0.06859024662860735 226
1656651958973 0.06859020461186316 227
1656652009023 0.068590162464787 228
1656652062423 0.06702825617964303 229
1656652117809 0.06702826255341976 230
1656652169910 0.06702825528827105 231
1656652222821 0.06702818118833387 232
1656652275377 0.06702164714147674 233
1656652335552 0.06702164388082055 234
1656652387497 0.06702082442344781 235
1656652443491 0.06631383566426141 236
1656652499505 0.06631384261177076 237
1656652558523 0.06631384995421985 238
1656652614263 0.06631385775365062 239
1656652668216 0.06631386593555388 240
1656652728183 0.07054612684410888 241
1656652790358 0.07054672101928106 242
1656652856454 0.070546720505139 243
1656652919233 0.0705467199795442 244
1656652984169 0.07054671925431977 245
1656653048341 0.07054671588023853 246
1656653108134 0.07054671286263636 247
1656653171137 0.07054671254561695 248
1656653228955 0.07146981732776425 249
1656653283932 0.07146981378731188 250
1656653342470 0.06876104179129605 251
1656653393247 0.06876104642593339 252
1656653443555 0.06874480973638775 253
1656653501468 0.06868241156043042 254
1656653558880 0.06868106202698654 255
1656653610339 0.06868101196425591 256
1656653664213 0.06817122854870128 257
1656653716326 0.06817122915628426 258
1656653770945 0.06817122992248403 259
1656653829560 0.0681458195851199 260
1656653882600 0.06810480113351314 261
1656653935314 0.06810480589361767 262
1656653985530 0.06810481262693224 263
1656654039776 0.0681050577566531 264
1656654089969 0.03440686172267904 265
1656654140304 0.034406860361305136 266
1656654187304 0.034406838597389355 267
1656654241078 0.03432676283604885 268
1656654291861 0.03188744393198539 269
1656654338322 0.03188744389853593 270
1656654388019 0.0318874405889098 271
1656654442777 0.03188744058535553 272
1656654496416 0.03172997754794393 273
1656654542943 0.03172997677983502 274
1656654592663 0.03298369718152938 275
1656654640745 0.03298369879277274 276
1656654689377 0.03298372078542133 277
1656654745119 0.018153865457625318 278
1656654794477 0.018148528888433546 279
1656654845775 0.018143716948989086 280
1656654897301 0.018143712604120843 281
1656654951521 0.018143700070658242 282
1656654994649 0.018143646216182363 283
1656655046726 0.01814364333714058 284
1656655095762 0.0181436400184255 285
1656655148766 0.018143633110629165 286
1656655201280 0.01814057945208325 287
1656655253741 0.018140576522223895 288
1656655303177 0.01811692155257494 289
1656655349717 0.018116940966815154 290
1656655399130 0.018116943674681085 291
1656655449829 0.01818288022007708 292
1656655499891 0.018182879099154947 293
1656655548868 0.01669458738010643 294
1656655596922 0.016694555818495993 295
1656655649820 0.016721096353769616 296
1656655699508 0.016721099447529753 297
1656655749017 0.01672109747924788 298
1656655797200 0.01672109787911724 299
1656655852592 0.01672109805284494 300
1656655903685 0.018016745626625363 301
1656655952900 0.018016739158248973 302
1656656004690 0.018016738611124516 303
1656656051739 0.018016737868424282 304
1656656098862 0.018111239721008143 305
1656656149205 0.018111240032912646 306
1656656197313 0.01813682355601287 307
1656656245475 0.018136752361287978 308
1656656298038 0.018123130049968128 309
1656656348676 0.0181231233639928 310
1656656400455 0.01809927646045506 311
1656656450740 0.018258356582260604 312
1656656499912 0.018258356999690584 313
1656656551916 0.01825835742048787 314
1656656601109 0.0182583585054662 315
1656656647936 0.016137390005906083 316
1656656698111 0.016137393512354548 317
1656656749856 0.016137399243435158 318
1656656802258 0.016137400404909852 319
1656656854709 0.016745828739794466 320
1656656906705 0.01674582394770263 321
1656656963497 0.01670620743312956 322
1656657015451 0.017198367906220757 323
1656657071075 0.01723061723775876 324
1656657123469 0.017230598387283913 325
1656657172004 0.01723056558710856 326
1656657227090 0.016137236685560108 327
1656657277554 0.01608377795934146 328
1656657329937 0.016044817458257143 329
1656657381279 0.016044824950587122 330
1656657431486 0.015678831460731568 331
1656657488115 0.016365196927876857 332
1656657539468 0.016365199973577105 333
1656657592187 0.016365200894134735 334
1656657638927 0.016365202073211127 335
1656657691386 0.018007636103563485 336
1656657741386 0.018417689490836997 337
1656657792811 0.018417115543757467 338
1656657844132 0.01845344334899246 339
1656657901466 0.018394029258227418 340
1656657949394 0.019298512716423133 341
1656657995075 0.019298536327339466 342
1656658043404 0.01929853694084893 343
1656658098509 0.01929795777876453 344
1656658148899 0.01929795644595933 345
1656658197595 0.01929794235460791 346
1656658245137 0.019297930537813812 347
1656658298805 0.019297928467948866 348
1656658350861 0.019298189792496756 349
1656658403010 0.019298121406971402 350
1656658451552 0.019334820193014357 351
1656658497964 0.019333931649640035 352
1656658546367 0.01752656837298805 353
1656658594025 0.017526594800531314 354
1656658647278 0.0175265962830915 355
1656658696531 0.017526597359917906 356
1656658748687 0.017562946034990645 357
1656658799620 0.01756294570199879 358
1656658846894 0.01756305264762481 359
1656658897666 0.0175630479801947 360
1656658948062 0.01756304856874924 361
1656659001386 0.01998407389272705 362
1656659052078 0.019984152115750997 363
1656659106236 0.019984155039377005 364
1656659160549 0.01998415711111945 365
1656659208969 0.019984159112655053 366
1656659258522 0.021996636015917725 367
1656659309433 0.021855865739177194 368
1656659360641 0.021876270285305255 369
1656659410681 0.02187627018267524 370
1656659464301 0.02187558713405302 371
1656659520537 0.021862625841418737 372
1656659573134 0.02186261101216458 373
1656659624680 0.02184141790177163 374
1656659676894 0.021841440860194905 375
1656659726551 0.02184094750485943 376
1656659777335 0.02184096223318388 377
1656659826475 0.02166569345408975 378
1656659877393 0.02166570482577712 379
1656659928452 0.021665713955747345 380
1656659983099 0.021665705590328876 381
1656660035027 0.021665681000789694 382
1656660085205 0.02166567976374667 383
1656660135102 0.021651076356190124 384
1656660187148 0.02165108402916549 385
1656660237313 0.021660924298887108 386
1656660292143 0.02166099797061749 387
1656660343849 0.013030632399098852 388
1656660393556 0.01303062097182428 389
1656660441864 0.013030616807981676 390
1656660492030 0.013030606571175274 391
1656660543501 0.013030606209356699 392
1656660591198 0.013030605718051924 393
1656660646077 0.012980079985477566 394
1656660699257 0.013003589956605999 395
1656660746358 0.013423454175740201 396
1656660790201 0.01342350082209487 397
1656660843249 0.013383342709826329 398
1656660891700 0.01338475221273272 399
1656660935799 0.013384751164197128 400
1656660983335 0.01756163993210258 401
1656661038487 0.017561684965556545 402
1656661085636 0.017387153382426135 403
1656661137504 0.01738715944747582 404
1656661190618 0.017387207979494557 405
1656661248019 0.017358326632567977 406
1656661293863 0.01735832620213762 407
1656661345728 0.01690509461660128 408
1656661394637 0.016905087307035327 409
1656661442033 0.01690508568780047 410
1656661493405 0.016905083986766045 411
1656661539940 0.016905055328733987 412
1656661589919 0.01798980512198578 413
1656661646022 0.017978231408534495 414
1656661694835 0.017978229481577568 415
1656661746441 0.017968287588057574 416
1656661797354 0.017968277965757395 417
1656661847238 0.017956154518186218 418
1656661900871 0.017956135149787555 419
1656661948165 0.017956131899510064 420
1656661996630 0.01842714155959091 421
1656662042380 0.014177425203191985 422
1656662086857 0.01417742485603346 423
1656662133802 0.014177390928543199 424
1656662183762 0.011749601007290944 425
1656662231793 0.01174960449820428 426
1656662282785 0.011749605081885495 427
1656662332804 0.01181398541840073 428
1656662383138 0.011845519829534412 429
1656662435497 0.011847100906200003 430
1656662486000 0.011847101027768203 431
1656662535818 0.01184710224075225 432
1656662591170 0.011791487097438269 433
1656662639537 0.014002105875503768 434
1656662693766 0.027308783199707864 435
1656662744430 0.027308785676746328 436
1656662794324 0.026066229435371402 437
1656662850224 0.02592356724971623 438
1656662899156 0.02590009783328906 439
1656662952424 0.026482079671150682 440
1656662998100 0.039724468745404806 441
1656663054590 0.03972446944483976 442
1656663108419 0.039724700386991385 443
1656663158580 0.039603672575892035 444
1656663206672 0.03960333854022191 445
1656663254609 0.03960332900180974 446
1656663307767 0.03957599377867482 447
1656663356625 0.03955715443148755 448
1656663405010 0.039557146278412336 449
1656663455338 0.039557144628347585 450
1656663507117 0.03955714092117246 451
1656663557080 0.03825098484102207 452
1656663609916 0.03825096780185433 453
1656663660089 0.03825071217216158 454
1656663711521 0.038250705431752685 455
1656663766101 0.038250681566822986 456
1656663812872 0.03825043142654305 457
1656663865868 0.038257944012181744 458
1656663913060 0.03825794373402025 459
1656663959987 0.03825808770276862 460
1656664013280 0.038258095831640526 461
1656664060391 0.03748435025328489 462
1656664113222 0.03748431796545937 463
1656664166826 0.03738851938420462 464
1656664215386 0.03738857643961302 465
1656664273166 0.03738858101093623 466
1656664323043 0.034582949413707875 467
1656664376968 0.03448916002793534 468
1656664426500 0.03448920188861637 469
1656664476247 0.03394613085051035 470
1656664524583 0.03394613303480687 471
1656664579829 0.033946135491391916 472
1656664631430 0.03394614471340196 473
1656664683577 0.022376794419957546 474
1656664733508 0.022376773787721294 475
1656664785785 0.022364340519693826 476
1656664831655 0.022364330104207353 477
1656664882914 0.023027903718300657 478
1656664932267 0.023027821364203782 479
1656664983996 0.023027816051195082 480
1656665035694 0.02279342054777933 481
1656665088417 0.022793416436171277 482
1656665138683 0.022281072985883 483
1656665189414 0.022281765972263723 484
1656665242964 0.016648226037696223 485
1656665297644 0.016678835421671256 486
1656665349961 0.016678830303989534 487
1656665398951 0.01715198965001763 488
1656665450176 0.018029019078580566 489
1656665499246 0.017980404818468743 490
1656665547882 0.017980336708406486 491
1656665601567 0.017980328309003424 492
1656665654521 0.017132255882197134 493
1656665702542 0.017132247495101116 494
1656665760026 0.017132244380364425 495
1656665814964 0.016448201891468894 496
1656665865769 0.01644777231406147 497
1656665921442 0.01867345718574487 498
1656665976273 0.018673459954788862 499
1656666024718 0.018673926095193805 500
1656666075124 0.018672150773126117 501
1656666128827 0.018672150259010922 502
1656666178012 0.018672149755377676 503
1656666231979 0.018672149195608223 504
1656666280964 0.018672147182384857 505
1656666331063 0.01867214682728846 506
1656666382573 0.018678800252509675 507
1656666430975 0.0186788118063147 508
1656666481758 0.018678789180770816 509
1656666530832 0.018678718043398157 510
1656666576048 0.018718052229301452 511
1656666627039 0.0351370182488675 512
1656666675861 0.03946660609225816 513
1656666724544 0.039466615939069194 514
1656666778770 0.03936492184571949 515
1656666825990 0.03615665610694996 516
1656666880104 0.03615661932047187 517
1656666934701 0.036156614869474635 518
1656666986272 0.036156600072530076 519
1656667035496 0.036156155993656514 520
1656667086357 0.03615614870599193 521
1656667143689 0.03615614160309388 522
1656667191498 0.036156129819284066 523
1656667239378 0.03615602427988074 524
1656667293580 0.03615601788255707 525
1656667348346 0.036144117753394545 526
1656667393499 0.03614410102806698 527
1656667448102 0.036144096557707006 528
1656667498011 0.036143983671945934 529
1656667555847 0.03607649633363863 530
1656667611955 0.038236416128400896 531
1656667666059 0.038280623790084345 532
1656667719032 0.03824961849264685 533
1656667776181 0.038217871127305125 534
1656667825922 0.03840904472950679 535
1656667878663 0.03840901956360088 536
1656667931476 0.03840900796494939 537
1656667985430 0.038298907520393444 538
1656668038026 0.03829891834335286 539
1656668098628 0.03839971139876519 540
1656668155351 0.038394213276309985 541
1656668213878 0.038393310915519896 542
1656668270150 0.03839330027203258 543
1656668323848 0.0373259904007085 544
1656668379487 0.03731336468249602 545
1656668432154 0.037313321988730386 546
1656668491605 0.037847950775112604 547
1656668548010 0.037847928544619824 548
1656668596085 0.03815772134932205 549
1656668653429 0.038231597433134645 550
1656668707484 0.03823068922757511 551
1656668760383 0.038336053271819104 552
1656668818837 0.03833562286515513 553
1656668873142 0.03837767882404597 554
1656668924462 0.03837766644495988 555
1656668978792 0.038377541567139795 556
1656669033039 0.03837752368250247 557
1656669088657 0.03837745357199007 558
1656669152226 0.038377417870109176 559
1656669205137 0.0383774089366925 560
1656669263250 0.03837739019147979 561
1656669320292 0.03279817105131977 562
1656669373613 0.032798185086645115 563
1656669429710 0.03279820220996332 564
1656669484021 0.03290287235041134 565
1656669543146 0.032902056327219875 566
1656669603102 0.0329020373024943 567
1656669665997 0.032993092190155004 568
1656669717500 0.03299300907829783 569
1656669773781 0.032984636158300606 570
1656669826211 0.03298460926745339 571
1656669883354 0.032714821604837074 572
1656669935727 0.0327148363642501 573
1656669990720 0.028345310806877966 574
1656670048638 0.028345402722620205 575
1656670106060 0.028345419212483236 576
1656670163291 0.028349870319668846 577
1656670215329 0.028349871267437154 578
1656670273607 0.028349893924315195 579
1656670330642 0.02834989669752519 580
1656670380564 0.027547018401799295 581
1656670436463 0.02754701512547264 582
1656670487794 0.027546949719148728 583
1656670542724 0.027546947904551367 584
1656670597084 0.02754711692948797 585
1656670654794 0.027547121608661573 586
1656670708244 0.027547127083146772 587
1656670760409 0.026970703260554396 588
1656670813930 0.027301792847955086 589
1656670866169 0.027220510426712696 590
1656670921996 0.027220514738077628 591
1656670977718 0.027220534969245813 592
1656671033142 0.027307931331462365 593
1656671090360 0.027307856014250675 594
1656671144636 0.027307850476081863 595
1656671197495 0.027307844864870368 596
1656671249642 0.027307838685893926 597
1656671301453 0.027307824090157085 598
1656671358489 0.027307291607596484 599
1656671414640 0.027307292481091983 600
1656671477161 0.026906203968264042 601
1656671529262 0.02730360865276804 602
1656671584228 0.027303610364086017 603
1656671644901 0.027303610546114077 604
1656671695833 0.027303612057088755 605
1656671752137 0.02730362781617046 606
1656671805482 0.027303628111763678 607
1656671856826 0.027291552446226497 608
1656671912561 0.027291454631111156 609
1656671966141 0.027291449992828953 610
1656672017880 0.027291445368106126 611
1656672073454 0.0272914479634071 612
1656672131918 0.027291464127308984 613
1656672187565 0.02729146903203228 614
1656672243036 0.02729147592505521 615
1656672297644 0.02729149532316255 616
1656672353903 0.02729149689999566 617
1656672406343 0.027263392211409054 618
1656672460519 0.027372488903160352 619
1656672514916 0.027372480922764675 620
1656672568573 0.027372442787095053 621
1656672622120 0.027372414902103515 622
1656672678063 0.027372408805942494 623
1656672735029 0.027372398928475872 624
1656672793590 0.02737227007059906 625
1656672849925 0.027372264667242074 626
1656672907147 0.027618818517901933 627
1656672957694 0.02761881078979811 628
1656673014897 0.027618638659691497 629
1656673074695 0.027609235692309442 630
1656673129206 0.027609234502480318 631
1656673180838 0.029810861084788365 632
1656673240893 0.029810861273691813 633
1656673294923 0.029810862636365343 634
1656673351096 0.029810553366555803 635
1656673408538 0.029810554556262026 636
1656673467493 0.029810553946373997 637
1656673519063 0.029818771232470564 638
1656673574618 0.03066203214312624 639
1656673631023 0.03066203512224963 640
1656673686752 0.030704698876302783 641
1656673743694 0.030704693390920856 642
1656673800519 0.030704637199762574 643
1656673858705 0.026862460873567806 644
1656673914313 0.038539345160894745 645
1656673965456 0.03853934745774523 646
1656674023606 0.038539353618283534 647
1656674076220 0.038538105945283174 648
1656674131252 0.03853810388770451 649
1656674177858 0.0385213190966992 650
1656674232107 0.038521324444097726 651
1656674285984 0.03795510815089509 652
1656674342350 0.037751919724098415 653
1656674391943 0.03775191355221785 654
1656674448529 0.03609702988388841 655
1656674505116 0.0360970276922945 656
1656674555777 0.03581790172939925 657
1656674606800 0.03581790767270088 658
1656674663467 0.03581791824860947 659
1656674711846 0.035818797014728454 660
1656674761872 0.03581890967306223 661
1656674816853 0.035840154084603615 662
1656674868324 0.03584015715625166 663
1656674917160 0.034567378818134764 664
1656674972880 0.034499144782541236 665
1656675023584 0.03449919277836255 666
1656675075495 0.0344992790603289 667
1656675128557 0.03493485667446994 668
1656675179821 0.034934860231304876 669
1656675236603 0.03593992281160863 670
1656675289768 0.03593986935650473 671
1656675346368 0.03595809518909865 672
1656675401372 0.035958089980915764 673
1656675455548 0.035958076435822495 674
1656675512712 0.0364593707702614 675
1656675561918 0.03645936409668504 676
1656675611686 0.036459362887721 677
1656675672207 0.03639304448252256 678
1656675727071 0.036417288349530064 679
1656675781775 0.03641729062944221 680
1656675835112 0.03641757744564489 681
1656675889019 0.03641758508614934 682
1656675937632 0.03641767397449769 683
1656675988850 0.036417690426724825 684
1656676039778 0.03641836946287236 685
1656676096528 0.036376698029703225 686
1656676158884 0.03542604923422776 687
1656676218902 0.035109050320341506 688
1656676277186 0.03510904363794287 689
1656676334000 0.035108953669636844 690
1656676393196 0.035108950695416086 691
1656676448824 0.03510894760200012 692
1656676505456 0.035108997768860783 693
1656676552609 0.03532643769974009 694
1656676603532 0.03532641985529783 695
1656676655034 0.035326418490208455 696
1656676708410 0.03532641702497796 697
1656676765463 0.035326384949943224 698
1656676817853 0.0363581557508621 699
1656676873249 0.036358184416932504 700
1656676930610 0.03635873785177479 701
1656676989552 0.03635885257366034 702
1656677042754 0.03635886236747021 703
1656677093525 0.03635902658373524 704
1656677144978 0.03640803456876163 705
1656677200497 0.038375611994096115 706
1656677255780 0.038375607693592384 707
1656677312288 0.038375553129342155 708
1656677366712 0.03837554569927781 709
1656677417525 0.03837539391385947 710
1656677474076 0.03837539113137434 711
1656677525644 0.03837538784451955 712
1656677579621 0.038375412495522676 713
1656677638279 0.03837898248167215 714
1656677692688 0.03917606144830321 715
1656677747191 0.03917611616836936 716
1656677799651 0.0393743972176851 717
1656677847430 0.03937419338345094 718
1656677905533 0.03937414829545183 719
1656677956878 0.03937413895871378 720
1656678009077 0.039374123390862215 721
1656678064079 0.0393436254737809 722
1656678118374 0.03946022569132257 723
1656678175641 0.039460215294474854 724
1656678233327 0.03946004252423918 725
1656678285120 0.03945005069470653 726
1656678334983 0.03945004192844648 727
1656678387970 0.03945002682284415 728
1656678443110 0.03944898290770482 729
1656678499202 0.04186964665521886 730
1656678554870 0.04186964684450023 731
1656678613695 0.04186964725073816 732
1656678669170 0.04186966108156909 733
1656678733480 0.041870038140731425 734
1656678790862 0.04194666881027864 735
1656678848058 0.04350445711278983 736
1656678904607 0.04350445987169105 737
1656678971411 0.043504584267749835 738
1656679033256 0.04350465230032319 739
1656679088558 0.04353002405327677 740
1656679141366 0.043529966907237094 741
1656679201657 0.043528974105678686 742
1656679261566 0.04352895088288655 743
1656679324793 0.04359371453556515 744
1656679382014 0.042891041490391246 745
1656679440398 0.04287118958587566 746
1656679500528 0.04287120221502283 747
1656679563192 0.04287131136178801 748
1656679625193 0.04287132423595874 749
1656679682580 0.0428715523313723 750
1656679737865 0.0428715585445093 751
1656679798840 0.04287156521084956 752
1656679849628 0.042871573635007376 753
1656679907454 0.0428716136443964 754
1656679965504 0.04287176246458946 755
1656680022523 0.04287177057872138 756
1656680075717 0.04287177982567558 757
1656680134075 0.03757714545482205 758
1656680193925 0.036946004868266935 759
1656680247276 0.03675923056210584 760
1656680300375 0.036759229989264286 761
1656680354760 0.0367592085026206 762
1656680412179 0.03675887198293748 763
1656682521187 0.036758850854094915 764
1656682576790 0.03675881963253014 765
1656682627717 0.03675878726770199 766
1656682683619 0.036758780778806344 767
1656682756093 0.036758716061065955 768
1656682843454 0.03673772249738061 769
1656682903787 0.03673787464166789 770
1656682983979 0.038918490313044396 771
1656683055879 0.038918488362441384 772
1656683121083 0.03891848613884907 773
1656683189400 0.03891848005448495 774
1656683256440 0.03891845077416067 775
1656683360163 0.038918449833377444 776
1656683429937 0.038918449041795755 777
1656683510828 0.038918448314823495 778
1656683583835 0.03891842797881728 779
1656683656782 0.03891051515982913 780
1656683738865 0.038910521894412686 781
1656683837704 0.036726658904273846 782
1656683902347 0.036726657391316975 783
1656683977795 0.036726656208949104 784
1656684045376 0.036726658378659516 785
1656684108748 0.03672665006087905 786
1656684177354 0.0367266428350328 787
1656684265605 0.03672637029029757 788
1656684340685 0.03335831400470768 789
1656684411837 0.03335831320171112 790
1656684485319 0.033358296854380964 791
1656684555747 0.03335829354108877 792
1656684627396 0.0333582903345464 793
1656684695967 0.03335817071727187 794
1656684784351 0.03331184235795903 795
1656684856642 0.033311945331164994 796
1656684928153 0.03332336631204735 797
1656684989254 0.033269742173332006 798
1656685049068 0.03326974027485108 799
1656685163089 0.03326975763730544 800
1656685242026 0.03326976153867034 801
1656685304742 0.03326977378686091 802
1656685372230 0.029471373395348 803
1656685433549 0.029471375593960625 804
1656685502654 0.029440943201506697 805
1656685568560 0.029072115967835543 806
1656685643241 0.0290710965035047 807
1656685781506 0.02907108078233045 808
1656685884198 0.029070818222129646 809
1656685958363 0.029070809505684192 810
1656686041153 0.02907080075800228 811
1656686107271 0.029058468217303957 812
1656686175959 0.029059168164593197 813
1656686242769 0.0292694652718003 814
1656686357847 0.025490356907315492 815
1656686477271 0.025534945011138177 816
1656686544685 0.025534946309793027 817
1656686603658 0.025114299110850502 818
1656686664938 0.0252325597521863 819
1656686727593 0.025232555022283165 820
1656686783463 0.02524120393324991 821
1656686833280 0.02524053597443776 822
1656686959126 0.025272767211377167 823
1656687024712 0.025320672959366686 824
1656687085068 0.02532067387542436 825
1656687155529 0.02532068008806898 826
1656687208802 0.025320689339589197 827
1656687267059 0.025320690145923752 828
1656687327799 0.025320691077407198 829
1656687430621 0.025792183509970035 830
1656687542477 0.025792180145511434 831
1656687596891 0.02579203414625386 832
1656687653099 0.025792032697766865 833
1656687714696 0.025792031241939184 834
1656687772085 0.02606462706452628 835
1656687836702 0.026064610629846552 836
1656687954455 0.026063352456378475 837
1656688077783 0.02603785834518446 838
1656688148347 0.026037873465659667 839
1656688214776 0.02603796237068512 840
1656688282350 0.026010047955830284 841
1656688345854 0.026079031059605295 842
1656688408043 0.026079042282705522 843
1656688511806 0.026079073562866095 844
1656688644230 0.02607961701941175 845
1656688717650 0.02607962598599589 846
1656688789867 0.025633417719680085 847
1656688850374 0.02563338985315944 848
1656688926731 0.025633028948245262 849
1656688993099 0.025632986106201905 850
1656689103452 0.025450310748816873 851
1656689210477 0.02545031000895437 852
1656689267127 0.02545030926088987 853
1656689316649 0.02545030827342243 854
1656689369092 0.02545030422254535 855
1656689431743 0.025450300293485606 856
1656689493637 0.025450299443474655 857
1656689622074 0.025450298112792535 858
1656689715038 0.025450282633898036 859
1656689777772 0.02545029581099234 860
1656689843217 0.025450339393819466 861
