1656637409373 0.05069601374734918 0
1656637490823 0.23401530688096855 1
1656637589020 0.21980895827876884 2
1656637639580 0.1341354925130856 3
1656637697710 0.14540276206976943 4
1656637755792 0.14120460930170306 5
1656637816535 0.10683552078011636 6
1656637887051 0.14183116554302402 7
1656637952277 0.31964798644392617 8
1656638010440 0.018425688796328103 9
1656638089290 0.018413421350258405 10
1656638203183 0.03823655193755939 11
1656638280833 0.03823673013751189 12
1656638345442 0.03823689827824179 13
1656638410060 0.03812610731263416 14
1656638478640 0.03828795441783866 15
1656638552730 0.1461368382610254 16
1656638627903 0.15652615152740804 17
1656638769099 0.15511705061973272 18
1656638874016 0.1555295657117889 19
1656638960102 0.15567351857688694 20
1656639040813 0.1481389063672139 21
1656639114697 0.20046929043381287 22
1656639205955 0.15934445644938086 23
1656639340622 0.15912928677796828 24
1656639453655 0.2114707578352768 25
1656639535001 0.07685652026889814 26
1656639710271 0.07331207202972126 27
1656639834821 0.030594671787444967 28
1656639978647 0.07457428897785695 29
1656640071605 0.020112192083577368 30
1656640188834 0.0005615615397807786 31
1656640277188 0.03285692123540225 32
1656640404887 0.04216159255830599 33
1656640519184 0.03123008303023303 34
1656640614525 0.020951334071743016 35
1656640697975 0.01713781200542411 36
1656640764772 0.02974424307516916 37
1656640828585 0.0032507918620285096 38
1656640908962 0 39
1656640958225 0.009997709514275754 40
1656641094721 0.018921035354899845 41
1656641161336 0.018932406779317228 42
1656641204797 0.04501140988609451 43
1656641253224 0.045356140767411283 44
1656641306412 0.13783701224059103 45
1656641356003 0.13768565933235283 46
1656641404970 0.13768565546395753 47
1656641449394 0.13725921108616274 48
1656641503221 0.1372594037279905 49
1656641550572 0.14855905141950476 50
1656641603358 0.14855908809185314 51
1656641655961 0.1485590626569426 52
1656641706981 0.14855907124001078 53
1656641765608 0.14855908624196668 54
1656641820788 0.14837582713952707 55
1656641874833 0.1483758011616031 56
1656641924340 0.14837580133812275 57
1656641979827 0.14837580825479227 58
1656642034193 0.14837574502656314 59
1656642089502 0.14837573533147677 60
1656642140113 0.1483753911282027 61
1656642190258 0.14837677141270753 62
1656642245592 0.14837684434274764 63
1656642309696 0.1831681190981298 64
1656642372462 0.005279354649609747 65
1656642431226 0.00527890623219106 66
1656642486948 0.005278219890389388 67
1656642540490 0.0052780807320010675 68
1656642595813 0.017291075178990954 69
1656642654486 0.017337813446481484 70
1656642713120 0.01733703102680188 71
1656642768539 0.0173349535860681 72
1656642824997 0.01733526303418268 73
1656642884059 0.01733424480944533 74
1656642939193 0.01733279500255413 75
1656642994999 0.017331056162242696 76
1656643052364 0.017322622190296073 77
1656643111942 0.017320866447910963 78
1656643164391 0.01739184974497278 79
1656643218917 0.01714694528287427 80
1656643272673 0.017139053657555248 81
1656643329089 0.020045134873099245 82
1656643382637 0.022763669930976418 83
1656643443081 0.021474528762624956 84
1656643498633 0.021465700870243017 85
1656643555598 0.021482901661523442 86
1656643607501 0.021459255988629803 87
1656643662955 0.020617920064546658 88
1656643719551 0.011058959285031868 89
1656643775959 0.011059662082827465 90
1656643831461 0.011058680145857473 91
1656643884491 0.011059607824500363 92
1656643940681 0.011058996270263771 93
1656643994975 0.009910583337633044 94
1656644049278 0.009910430549243327 95
1656644104760 0.010069336940317935 96
1656644157377 0.010067566199072363 97
1656644211871 0.01006952019647525 98
1656644266108 0.010071401358971912 99
1656644323191 0.010080419126270976 100
1656644376384 0.010077545881420574 101
1656644427364 0.010077858723961327 102
1656644476414 0.009906541871986007 103
1656644527342 0.00989085654662137 104
1656644586640 0.009887733518048886 105
1656644642725 0.009886762490379737 106
1656644697148 0.008549514257023922 107
1656644747572 0.008590300521273065 108
1656644803879 0.008589931056686373 109
1656644863690 0.008590517552528588 110
1656644914034 0.008584731547132289 111
1656644969482 0.008584761409716904 112
1656645021481 0.009509728079692772 113
1656645080202 0.009515047492723683 114
1656645131456 0.009512742941846458 115
1656645187531 0.009512667238377126 116
1656645244065 0.009360790208843176 117
1656645296491 0.009361052727357736 118
1656645352301 0.009360858934978549 119
1656645407031 0.009360656921497696 120
1656645461318 0.009371216897890763 121
1656645516874 0.00982895628797629 122
1656645570570 0.009829156249117931 123
1656645627020 0.009829983068050012 124
1656645683979 0.009802396181282647 125
1656645736705 0.009808835535506873 126
1656645793219 0.009809268441675827 127
1656645849412 0.00978518170179164 128
1656645905723 0.009847212207126768 129
1656645961833 0.009847583085142768 130
1656646019110 0.010359075333704684 131
1656646078038 0.010359252677001607 132
1656646139356 0.009425964937523701 133
1656646195002 0.009426448606956591 134
1656646257856 0.009426769611758238 135
1656646314954 0.009426605952787472 136
1656646375191 0.009426298257692202 137
1656646434249 0.009426089277885043 138
1656646495862 0.009423148520717803 139
1656646552484 0.009422572229766354 140
1656646614682 0.009422307821628537 141
1656646670610 0.009422535577894449 142
1656646734230 0.009422651742598542 143
1656646789947 0.009356423315386275 144
1656646854572 0.00936101361801539 145
1656646913694 0.00641799948378619 146
1656646974649 0.006418052915709347 147
1656647037300 0.006417982088634843 148
1656647103652 0.006417889864247694 149
1656647164179 0.006417783971791362 150
1656647231837 0.0064173480782678295 151
1656647299317 0.006417338160671323 152
1656647354737 0.006819098927890256 153
1656647423193 0.006789889889796438 154
1656647485886 0.005774541666724569 155
1656647561704 0.005781949521756879 156
1656647624186 0.006090701577939768 157
1656647690331 0.0060968183238716035 158
1656647749489 0.00608802355044509 159
1656647818361 0.006246067919265227 160
1656647880384 0.006358605097940646 161
1656647953116 0.0063603986034445215 162
1656648020242 0.006367038144925433 163
1656648088665 0.006362625249475843 164
1656648156586 0.006316929080693792 165
1656648221606 0.006354305962698224 166
1656648287768 0.0063775725515640485 167
1656648350996 0.006368033261198127 168
1656648418755 0.006202073295121112 169
1656648485344 0.006293554373445894 170
1656648542276 0.005676433053585831 171
1656648610974 0.005656494032687356 172
1656648665193 0.005661160383541096 173
1656648731310 0.005664661215141163 174
1656648799859 0.005682694603923448 175
1656648872262 0.005663940723158912 176
1656648941051 0.005666577140148017 177
1656649008083 0.005666152804970788 178
1656649086512 0.005219597432331594 179
1656649151484 0.005247886272469436 180
1656649220029 0.005208397192007694 181
1656649278909 0.005153565615954905 182
1656649340677 0.005180207832381993 183
1656649405104 0.005188028664912888 184
1656649467595 0.0051795831904195766 185
1656649534221 0.005183422780480148 186
1656649601680 0.005188751215735825 187
1656649666040 0.005207712429721269 188
1656649728702 0.005188548432258053 189
1656649794535 0.0051650494395542 190
1656649870313 0.005182501692580686 191
1656649932336 0.005202335613967688 192
1656649998949 0.00452451845435581 193
1656650056661 0.004524245815201057 194
1656650112580 0.004525589101518089 195
1656650166409 0.004524647239649443 196
1656650220657 0.004521121543797186 197
1656650275720 0.004523185234298584 198
1656650333744 0.00452188524502274 199
1656650395966 0.004523622629360006 200
1656650463912 0.004523492773028226 201
1656650522887 0.004533438502328747 202
1656650587276 0.004524175760520706 203
1656650645127 0.004519951183219357 204
1656650702445 0.0045213948025176415 205
1656650761032 0.004521759181703946 206
1656650818085 0.0045189495406638205 207
1656650879357 0.004517860474053909 208
1656650938233 0.004526159475753612 209
1656650993601 0.004526397169666174 210
1656651050592 0.0045272674976379445 211
1656651110582 0.004377888547814684 212
1656651167934 0.004527267487176636 213
1656651225648 0.004527107799948059 214
1656651284938 0.004526387502424163 215
1656651338694 0.004527138525542632 216
1656651393077 0.004525291362422923 217
1656651454025 0.004527316270402766 218
1656651515502 0.004526022603951501 219
1656651576838 0.004526413399315475 220
1656651637705 0.005623144612352813 221
1656651693103 0.005401530301488109 222
1656651747849 0.005950934698882797 223
1656651800018 0.005951408832755969 224
1656651852486 0.005715371538778217 225
1656651907067 0.005712804366947493 226
1656651958972 0.005714514832284587 227
1656652009022 0.005713159492350066 228
1656652062422 0.011032629444918157 229
1656652117808 0.011033677923047065 230
1656652169908 0.011033177920838418 231
1656652222820 0.011033121927636044 232
1656652275376 0.011015769505567631 233
1656652335551 0.011015364958715052 234
1656652387496 0.011013623541435213 235
1656652443490 0.010820148693956446 236
1656652499504 0.010819381199702348 237
1656652558522 0.010820252306575765 238
1656652614262 0.010819980360696146 239
1656652668215 0.010820458783420748 240
1656652728182 0.006237569993064138 241
1656652790357 0.006210020365982352 242
1656652856453 0.0062076626708584565 243
1656652919232 0.006208605555980004 244
1656652984168 0.006211211310482792 245
1656653048339 0.006211482514650192 246
1656653108133 0.006209156377855293 247
1656653171136 0.006219117360621774 248
1656653228954 0.0025112763871090286 249
1656653283930 0.0025087515624458356 250
1656653342469 0.0023373000008274454 251
1656653393246 0.002304236820383382 252
1656653443553 0.0023375243359727875 253
1656653501467 0.0023330599610494646 254
1656653558879 0.0023336407640126566 255
1656653610338 0.0023333293556673153 256
1656653664212 0.0010431081930166136 257
1656653716325 0.0022119975194764864 258
1656653770944 0.002211990138806742 259
1656653829559 0.002209281637512615 260
1656653882599 0.0022084318208681047 261
1656653935313 0.0022076546895555514 262
1656653985529 0 263
1656654039775 0.002207700724068863 264
1656654089967 0.0019370540524022415 265
1656654140303 0.0019391817082444031 266
1656654187303 0.001938834085959075 267
1656654241077 0.001826710960133602 268
1656654291860 0.0007503921646370287 269
1656654338321 0.0007506299556392379 270
1656654388018 0 271
1656654442774 0.0007509384614577015 272
1656654496415 0.0007548991158548529 273
1656654542941 0 274
1656654592662 0 275
1656654640743 0.0024227016806478126 276
1656654689376 0.002426217630446847 277
1656654745118 0.003691174436364337 278
1656654794476 0.0036921324212680173 279
1656654845774 0.003697757488159019 280
1656654897300 0.0036924798065536167 281
1656654951520 0.0036934373979406023 282
1656654994648 0.0036949358633749474 283
1656655046725 0.0036912451102172443 284
1656655095761 0.0036959959800898575 285
1656655148765 0.0036901883492981564 286
1656655201278 0.003701836368268257 287
1656655253740 0 288
1656655303176 0 289
1656655349716 0.003700494067447713 290
1656655399128 0.0037011064069017805 291
1656655449828 0.00371909281118557 292
1656655499890 0.003716649823841265 293
1656655548866 0.0031600018073325606 294
1656655596921 0.00314523560164906 295
1656655649819 0.003157246120717122 296
1656655699507 0.0031554467501264337 297
1656655749016 0 298
1656655797199 0.0031511479727403193 299
1656655852591 0.0031416892465858178 300
1656655903684 0.0028773206576774984 301
1656655952899 0.0028895150752296906 302
1656656004689 0.002884751540827365 303
1656656051738 0.0028771690925011657 304
1656656098860 0.00288609762646129 305
1656656149204 0.002879896778740401 306
1656656197311 0.0028933475280762113 307
1656656245474 0 308
1656656298037 0.0028896003956791396 309
1656656348675 0.0028818136842528653 310
1656656400453 0.002889895225210684 311
1656656450739 0.002872963185929707 312
1656656499910 0 313
1656656551915 0 314
1656656601108 0.0028687534882458287 315
1656656647935 0.0014485510644412624 316
1656656698110 0.001448594693586423 317
1656656749855 0.0014486148357265947 318
1656656802257 0.0014527621573118708 319
1656656854708 0.0017373927523257216 320
1656656906703 0.0017373521368907957 321
1656656963495 0.0017332190854441247 322
1656657015450 0.001984818954536876 323
1656657071074 0.0019876529717208643 324
1656657123467 0.0019880453138091192 325
1656657172003 0 326
1656657227088 0.0017758651746621898 327
1656657277553 0 328
1656657329936 0.0017687622047205635 329
1656657381278 0.0017688441380255683 330
1656657431485 0.0018053293692235812 331
1656657488114 0.0020559727138532956 332
1656657539467 0.0020533634582162166 333
1656657592186 0 334
1656657638926 0.0020613898230541082 335
1656657691385 0.002019941828520269 336
1656657741385 0.002058628288594419 337
1656657792810 0.0020849247215844477 338
1656657844131 0.0020562333217023273 339
1656657901465 0.00204799032289917 340
1656657949393 0.0023558345046063496 341
1656657995074 0.002345261896238516 342
1656658043403 0.002345490236827939 343
1656658098508 0.0023456123046301644 344
1656658148898 0.002342757102018227 345
1656658197594 0.00234419083192353 346
1656658245136 0 347
1656658298803 0.0023440836655929916 348
1656658350860 0 349
1656658403009 0.002345174291249977 350
1656658451551 0.0023410417787394235 351
1656658497963 0.002341090883232771 352
1656658546366 0 353
1656658594024 0 354
1656658647277 0.0022089273487747854 355
1656658696530 0.002209322111774151 356
1656658748686 0.0022057928642186396 357
1656658799619 0.0022069135620147937 358
1656658846893 0.0022056839354141914 359
1656658897665 0 360
1656658948061 0.0022062430778346668 361
1656659001384 0 362
1656659052076 0.0025736079631298644 363
1656659106235 0.0025788031260575474 364
1656659160547 0.0025772357880495984 365
1656659208968 0.002572393902078333 366
1656659258521 0.0027737418340293037 367
1656659309431 0.0027586752765169746 368
1656659360640 0.0027474590427549453 369
1656659410680 0 370
1656659464299 0.002747926008744298 371
1656659520535 0 372
1656659573133 0.0027340679827956857 373
1656659624679 0.0027400867340522175 374
1656659676893 0 375
1656659726549 0 376
1656659777334 0.002746684002449806 377
1656659826474 0 378
1656659877391 0.002720067769317598 379
1656659928451 0 380
1656659983098 0.0027151653574797336 381
1656660035025 0.0027213148637076365 382
1656660085204 0.002710642864777831 383
1656660135100 0.0027144943951600757 384
1656660187147 0.0027114047996338814 385
1656660237312 0.00271337408730287 386
1656660292142 0.0027159741099932323 387
1656660343848 0.0017566506945778126 388
1656660393555 0.00175669536890223 389
1656660441863 0.0017566897239621373 390
1656660492029 0.0017566239984046434 391
1656660543500 0.0017566646268714783 392
1656660591197 0.0017566283345920252 393
1656660646076 0.001746292505723888 394
1656660699256 0.0017874422507724015 395
1656660746357 0.00202349919151689 396
1656660790200 0.00202350402671469 397
1656660843248 0.002023186586648476 398
1656660891699 0.0020279811643892864 399
1656660935798 0.0020198427603774815 400
1656660983334 0.002224433540562165 401
1656661038486 0.0022244528383213932 402
1656661085635 0.0022216933585618593 403
1656661137502 0.002221443281100623 404
1656661190617 0.0022224138190121306 405
1656661248017 0 406
1656661293862 0 407
1656661345727 0 408
1656661394636 0.0022457818083497093 409
1656661442032 0.0022459290330043265 410
1656661493404 0 411
1656661539939 0.0022463933540981646 412
1656661589918 0 413
1656661646021 0.0023588845684777192 414
1656661694833 0.002358725998164708 415
1656661746440 0.0023560083805810542 416
1656661797352 0.0023562050901550684 417
1656661847237 0.0023564801576398493 418
1656661900869 0 419
1656661948164 0.0023565833112099556 420
1656661996629 0.0024047282268553215 421
1656662042379 0.0013509134651318202 422
1656662086856 0.0013469649927864806 423
1656662133801 0 424
1656662183761 0.0018970266749054501 425
1656662231792 0 426
1656662282784 0.0018946307465714525 427
1656662332802 0.0012846799180896793 428
1656662383137 0.001279409097222238 429
1656662435496 0.001280633908653323 430
1656662485999 0.0012849366644430667 431
1656662535817 0 432
1656662591169 0 433
1656662639536 0.0017446342643164152 434
1656662693764 0.002547054410872548 435
1656662744429 0.002553651676597244 436
1656662794323 0 437
1656662850223 0.0025629775773125477 438
1656662899155 0.0025603482117076424 439
1656662952423 0.0025903566014240896 440
1656662998099 0 441
1656663054589 0.0030632752357074547 442
1656663108418 0 443
1656663158579 0.003071570901377832 444
1656663206671 0.0030827571125875454 445
1656663254608 0.0030684023598980263 446
1656663307766 0.0030765654886483716 447
1656663356624 0.0030834867912655586 448
1656663405009 0.003082282144078955 449
1656663455337 0.0030921007505896143 450
1656663507116 0.0030828855641107885 451
1656663557079 0 452
1656663609914 0.00302621120765876 453
1656663660088 0.003033265144677094 454
1656663711519 0.003027705755346257 455
1656663766099 0.003015059728911631 456
1656663812871 0 457
1656663865867 0.003039053728943193 458
1656663913059 0.0030251959197572374 459
1656663959986 0 460
1656664013279 0.0030299883931351303 461
1656664060390 0.002988940854393339 462
1656664113221 0.002984545592987351 463
1656664166825 0.002977898741882505 464
1656664215385 0 465
1656664273165 0.0029752772128851567 466
1656664323042 0.0028854210834794794 467
1656664376967 0.002771560017632443 468
1656664426499 0.002743639709444236 469
1656664476246 0.0029593258641766682 470
1656664524582 0.002980833382514191 471
1656664579827 0.0029759959581482916 472
1656664631429 0.002975945990517806 473
1656664683576 0.002501722939635184 474
1656664733506 0 475
1656664785784 0 476
1656664831654 0.002500412045640733 477
1656664882913 0.0024899023132158877 478
1656664932266 0.0024950033176186653 479
1656664983995 0.002489072121316874 480
1656665035693 0.0024864512159526383 481
1656665088416 0.0024713912578638317 482
1656665138681 0.0024636425309086025 483
1656665189413 0.0024632038921398435 484
1656665242963 0.0027693170245656163 485
1656665297643 0 486
1656665349960 0.002761779925393923 487
1656665398949 0.0027268058800576584 488
1656665450174 0.0028774542126899358 489
1656665499245 0.00287878587745138 490
1656665547881 0.0028695714805257446 491
1656665601566 0.0028768751620935726 492
1656665654520 0.0030128072262675764 493
1656665702540 0.003028918239633753 494
1656665760025 0.0030275265077636246 495
1656665814963 0.00294436038455228 496
1656665865767 0.0029491298378118017 497
1656665921440 0.0031758358991499785 498
1656665976272 0.003173096307322964 499
1656666024717 0.003172897928111409 500
1656666075123 0.003174303452064385 501
1656666128826 0.0031725615337674156 502
1656666178011 0.0031741647827141983 503
1656666231978 0.003171557771319 504
1656666280962 0 505
1656666331062 0.003174205882278796 506
1656666382572 0.0031727104108828313 507
1656666430974 0.003178604555816202 508
1656666481757 0 509
1656666530831 0.0031711036419268513 510
1656666576047 0.0032707812642327107 511
1656666627038 0 512
1656666675859 0.004389318794339098 513
1656666724543 0 514
1656666778769 0.004416749873089293 515
1656666825989 0.004647751743784351 516
1656666880103 0.004642481030263029 517
1656666934700 0.004749301187325477 518
1656666986271 0.004645500879711944 519
1656667035495 0.004666044204377444 520
1656667086355 0.004640358739157177 521
1656667143688 0.004641396786278278 522
1656667191497 0 523
1656667239377 0 524
1656667293579 0.004645972099400792 525
1656667348345 0.004647953374260609 526
1656667393497 0 527
1656667448100 0.004646784836295145 528
1656667498010 0.0046484851448275796 529
1656667555846 0.004652945602133626 530
1656667611954 0.0055508327660462545 531
1656667666058 0.0055486749363101275 532
1656667719031 0.005546864135024444 533
1656667776180 0.005547042661219888 534
1656667825921 0.0055493236786630495 535
1656667878662 0.005542856967973033 536
1656667931475 0.0055429549209889475 537
1656667985428 0.005545147796536941 538
1656668038025 0.005544904930523351 539
1656668098626 0.005558135013254869 540
1656668155350 0.005486498796617115 541
1656668213877 0.005486073444057546 542
1656668270149 0.00548664586706239 543
1656668323847 0 544
1656668379486 0.005492383609849349 545
1656668432153 0.005492547391261448 546
1656668491604 0.005479594326652128 547
1656668548009 0.005502133962124226 548
1656668596084 0.005477882580766378 549
1656668653427 0.005487953029492239 550
1656668707483 0 551
1656668760382 0.005480023023581946 552
1656668818836 0.005480175471206123 553
1656668873141 0.005480058643362363 554
1656668924461 0.00548069645140226 555
1656668978791 0.005480732202413279 556
1656669033038 0.0054820305971737746 557
1656669088656 0.0054805681429576395 558
1656669152224 0.005480690258861897 559
1656669205135 0.005485220337907608 560
1656669263249 0.005480812428462247 561
1656669320291 0.005391525172818775 562
1656669373612 0.005393469059421179 563
1656669429709 0.005392120600371802 564
1656669484020 0.005392148247986558 565
1656669543145 0.005392185575445824 566
1656669603101 0.005392435697143097 567
1656669665996 0.005390581844424905 568
1656669717498 0.005391613944597493 569
1656669773780 0.005389590085756296 570
1656669826209 0.005391700609644282 571
1656669883353 0.005359824053961502 572
1656669935726 0.005539726825861608 573
1656669990719 0.004692322997888346 574
1656670048637 0.004692512019403856 575
1656670106059 0.004689896701353489 576
1656670163290 0.00469042601739863 577
1656670215328 0.004690499106517337 578
1656670273606 0.004690504064681224 579
1656670330641 0.004690513049430727 580
1656670380563 0.004656019168657052 581
1656670436462 0.0046566584103570185 582
1656670487793 0.004657241933723709 583
1656670542722 0.0046545755439064045 584
1656670597083 0.004655319060324396 585
1656670654793 0.0046557905880513 586
1656670708243 0.0046566464263609495 587
1656670760408 0.004623098985406263 588
1656670813929 0.004645751269161614 589
1656670866168 0 590
1656670921995 0.004636178017765004 591
1656670977717 0.004637799305198452 592
1656671033140 0.004638450452521949 593
1656671090359 0.004638742526321022 594
1656671144635 0.004638414014305581 595
1656671197494 0.004638931613241762 596
1656671249640 0.004636694507424943 597
1656671301452 0.004626849714500862 598
1656671358487 0.004638728859937305 599
1656671414639 0.004638331092484331 600
1656671477160 0.004708538707963651 601
1656671529261 0.004693868491869535 602
1656671584227 0.004695690363068023 603
1656671644899 0.004696881739700136 604
1656671695831 0.004696532365410671 605
1656671752136 0.004696860030264429 606
1656671805481 0 607
1656671856825 0.004693433919577768 608
1656671912560 0 609
1656671966140 0.004692339429616911 610
1656672017879 0.004694809928075643 611
1656672073453 0.00467883613400212 612
1656672131917 0.004695042595462154 613
1656672187564 0.004695665394989324 614
1656672243035 0.004693622570769209 615
1656672297643 0.004694838499393867 616
1656672353902 0.004694405607733654 617
1656672406342 0.004693894561351072 618
1656672460518 0.004655858778641691 619
1656672514915 0.0046514875094543565 620
1656672568572 0.004655821239733099 621
1656672622119 0.004655244628566561 622
1656672678062 0.0046552313696453474 623
1656672735028 0.004655705934786176 624
1656672793589 0.004655149705272658 625
1656672849924 0.004656224497230796 626
1656672907146 0.004694687380178704 627
1656672957693 0.0046937535945896875 628
1656673014896 0.004695839884168045 629
1656673074694 0.004695101841194445 630
1656673129205 0.004694124372895203 631
1656673180837 0.004790946786001191 632
1656673240892 0.004782828545684562 633
1656673294922 0.004790367522691419 634
1656673351095 0.004790054422778484 635
1656673408537 0.004790317937073876 636
1656673467491 0.004790347118288547 637
1656673519062 0.004794797276470482 638
1656673574617 0.005016220984074705 639
1656673631022 0.005016064057826371 640
1656673686751 0.0050214222441355245 641
1656673743692 0.005022021969702029 642
1656673800518 0.005021836057050484 643
1656673858704 0.0044737597540028705 644
1656673914312 0.004456016645148459 645
1656673965455 0.004455966709915328 646
1656674023605 0.004456489488449594 647
1656674076218 0.004471797832515265 648
1656674131251 0.004454497228848312 649
1656674177856 0 650
1656674232106 0 651
1656674285983 0.004451743564543659 652
1656674342349 0.0044622694089023205 653
1656674391942 0.004462311477251152 654
1656674448528 0.004414581711635693 655
1656674505115 0.004414456792043967 656
1656674555776 0.004321719995961951 657
1656674606799 0.0043743983675069865 658
1656674663465 0.00437402632570089 659
1656674711845 0.00437403934420493 660
1656674761871 0.004373663462186715 661
1656674816852 0.004375432635694465 662
1656674868323 0.004376471132900269 663
1656674917159 0.0043475078447134715 664
1656674972879 0.004030462505010967 665
1656675023583 0.004215182120623842 666
1656675075494 0.004350688269962462 667
1656675128555 0.004344472836005326 668
1656675179820 0.004345133865451489 669
1656675236602 0.004606102940378881 670
1656675289767 0.004530696191719958 671
1656675346367 0.0045286104955797974 672
1656675401371 0.00452978434739214 673
1656675455547 0.004529325312314404 674
1656675512711 0.004585027311455351 675
1656675561917 0.004590337787112487 676
1656675611685 0.004590033755458675 677
1656675672206 0.004587990485618406 678
1656675727070 0.0045849882421487775 679
1656675781774 0.004557591508580139 680
1656675835111 0.004587304794586054 681
1656675889018 0.004586798805822682 682
1656675937631 0.004587492178711183 683
1656675988849 0.004592009027698146 684
1656676039777 0.004587594332477286 685
1656676096527 0.004598717085285789 686
1656676158883 0.004587270351812038 687
1656676218901 0.004583098367650164 688
1656676277185 0.004583003741687562 689
1656676333999 0.004582992006491938 690
1656676393195 0.004583006265840304 691
1656676448823 0.004584906531193382 692
1656676505455 0.004583039338211313 693
1656676552608 0.004590600610664332 694
1656676603531 0 695
1656676655033 0.004587810533274818 696
1656676708409 0.004587882151069624 697
1656676765461 0.004587335968391305 698
1656676817852 0.004785746221784405 699
1656676873248 0.004785681727310756 700
1656676930608 0.004785788324547263 701
1656676989550 0.004785547510241449 702
1656677042753 0.0047856694141725315 703
1656677093524 0.004785537010072088 704
1656677144976 0.004785580683652054 705
1656677200496 0.004699886340204334 706
1656677255778 0.004700290679560234 707
1656677312287 0.004699920884874079 708
1656677366711 0.004700053443654928 709
1656677417524 0.004700594212993868 710
1656677474075 0.0046994078845745985 711
1656677525643 0.004699701349660275 712
1656677579620 0.00469861831641258 713
1656677638278 0.0046999733810957015 714
1656677692687 0.004760884227173166 715
1656677747190 0.0047610717184727374 716
1656677799650 0.004749257352022071 717
1656677847429 0.004750088495320025 718
1656677905531 0.004750511301711812 719
1656677956877 0.004750700580259332 720
1656678009076 0.004749754415988175 721
1656678064078 0.004748951635252322 722
1656678118373 0.004749547188296259 723
1656678175640 0.004753640102833228 724
1656678233326 0.004750183172082299 725
1656678285119 0.004750564648157946 726
1656678334982 0.004750737558075061 727
1656678387969 0.004750561702455122 728
1656678443109 0.004750198417381238 729
1656678499200 0.004718030635903484 730
1656678554869 0.004111149783201963 731
1656678613694 0.0047180370066662695 732
1656678669169 0.004722037064512413 733
1656678733479 0.004720746330277286 734
1656678790861 0.00471164077832026 735
1656678848057 0.004917724386516343 736
1656678904606 0.004917250560046744 737
1656678971410 0.004918008319323435 738
1656679033255 0.004918320253839774 739
1656679088556 0.0048370686860588295 740
1656679141365 0.004919501640836304 741
1656679201656 0.004917813672145444 742
1656679261565 0.004924616945713296 743
1656679324792 0.0049181210686283046 744
1656679382013 0.004665275415590632 745
1656679440397 0.004350367666740416 746
1656679500527 0.00466487078075615 747
1656679563191 0.004663710789984427 748
1656679625192 0.004664011279816787 749
1656679682579 0.004665376804764478 750
1656679737864 0.004666432411558255 751
1656679798839 0.004664951998047533 752
1656679849627 0 753
1656679907453 0.00466529809268453 754
1656679965503 0.004664861452201417 755
1656680022522 0.004664894664420359 756
1656680075715 0.004664784833519617 757
1656680134074 0.0047060070147638315 758
1656680193924 0.004668545114737004 759
1656680247275 0.0046664528003585205 760
1656680300374 0.004667975680740072 761
1656680354759 0.004666455633524766 762
1656680412178 0.004669015962550141 763
1656682521186 0.004666670231147367 764
1656682576789 0.004666190462710537 765
1656682627716 0 766
1656682683618 0.004666329070203864 767
1656682756091 0.00466627096238113 768
1656682843451 0.004666135335394915 769
1656682903786 0.0046657280180886634 770
1656682983978 0.0045537845985929165 771
1656683055878 0.004554362112230463 772
1656683121082 0.004552154575710248 773
1656683189399 0.004554391500508707 774
1656683256437 0.004554425709634143 775
1656683360162 0.004554201914568156 776
1656683429935 0.004552767463644753 777
1656683510827 0.004554021067687214 778
1656683583833 0.004553614391182198 779
1656683656780 0.004554137866746682 780
1656683738862 0.004554240948186325 781
1656683837702 0.00304537350937291 782
1656683902346 0.003045000864030929 783
1656683977794 0.003045316968483089 784
1656684045375 0.0030343613638592754 785
1656684108746 0.003045203075454476 786
1656684177353 0.003053149730053029 787
1656684265604 0.003045331352148347 788
1656684340684 0.002961943470046808 789
1656684411835 0 790
1656684485317 0.00296482981184271 791
1656684555746 0.0029639934806269435 792
1656684627394 0.0029657134881727713 793
1656684695965 0.00296408030756372 794
1656684784349 0.002961020745896484 795
1656684856640 0.0029609892075873907 796
1656684928152 0.0029600700689882057 797
1656684989253 0.0029625325458687637 798
1656685049067 0.0029587030469210365 799
1656685163087 0.0029618401219636695 800
1656685242025 0.0029535786897233046 801
1656685304740 0.0029624260424500667 802
1656685372229 0.002841982960466815 803
1656685433547 0.002846869977608263 804
1656685502653 0.002836914394209208 805
1656685568558 0.002769714034132884 806
1656685643239 0.002751816158309706 807
1656685781504 0.002770793062657381 808
1656685884195 0.002765656439645925 809
1656685958361 0.0027691110317619866 810
1656686041151 0.0027508510100297152 811
1656686107269 0.002761237858381474 812
1656686175957 0.0027566745620689623 813
1656686242767 0.0027510709712924527 814
1656686357845 0.002743680345549127 815
1656686477269 0.0027282380829277597 816
1656686544684 0.002726473326146471 817
1656686603657 0.0026883262187696534 818
1656686664936 0.0026870636957018494 819
1656686727592 0.0026879268094433992 820
1656686783462 0.0026910320828459483 821
1656686833279 0.002687538027675187 822
1656686959124 0.002669927907858311 823
1656687024711 0.0026921973725865227 824
1656687085067 0.0026937120628548277 825
1656687155527 0.0026937241845014816 826
1656687208801 0.0026959193238984577 827
1656687267058 0.0026922910906327304 828
1656687327798 0.0026980123773177257 829
1656687430618 0.0027247973447469776 830
1656687542476 0.002739945051157785 831
1656687596890 0.0027298833132902733 832
1656687653097 0.002721162522917929 833
1656687714694 0 834
1656687772084 0 835
1656687836700 0.002740516114942421 836
1656687954452 0.002733253974882484 837
1656688077782 0.002730088226078453 838
1656688148345 0.002738429995591116 839
1656688214775 0.0027285481121929224 840
1656688282349 0.0027358667193788876 841
1656688345852 0.002718786779142556 842
1656688408042 0.0027364518401900577 843
1656688511804 0.002737619623317689 844
1656688644228 0.0027328974140682608 845
1656688717648 0.0027256739066867184 846
1656688789866 0.0027701237538075058 847
1656688850373 0.0027759028154289993 848
1656688926730 0.002769348171207147 849
1656688993097 0.0027652623240507768 850
1656689103450 0.002738343253186711 851
1656689210476 0.0027536974676983174 852
1656689267126 0.0027469365313106168 853
1656689316648 0.0027381753822873583 854
1656689369091 0.0027340038086135217 855
1656689431742 0.002737403161809703 856
1656689493636 0.0027544345264457768 857
1656689622071 0.002740791038324654 858
1656689715037 0.0027392817827072 859
1656689777770 0.0027388105215182873 860
1656689843216 0.0027380637394175235 861
