1656636737131 0.7799525818737167 0
1656636759612 0.4474381956357687 1
1656636802115 0.502388181299247 2
1656636852996 0.4706633396411789 3
1656636932433 0.5349421870850914 4
1656636981897 0.439764039061857 5
1656637022587 0.40664425598743537 6
1656637077163 0.27992245559707263 7
1656637144031 0.23908623567406995 8
1656637220068 0.07176009410111661 9
1656637283711 0.07351961143101104 10
1656637347299 0.08918585098976095 11
1656637420460 0.04824532870331788 12
1656637561871 0.056502702803406635 13
1656637640525 0.07426628941928182 14
1656637709310 0.11190408083728653 15
1656637770798 0.041420449633793655 16
1656637828169 0.01959874637116088 17
1656637891846 0.02222563579024872 18
1656637945895 0.04027038166184638 19
1656638010737 0.05549005420664721 20
1656638107643 0.07926918441066544 21
1656638238163 0.049413758714422884 22
1656638315309 0.04303627016719225 23
1656638383440 0.05711504374365284 24
1656638448080 0.05558655846402627 25
1656638522419 0.04145293011160489 26
1656638596333 0.046908613484344386 27
1656638704584 0.03617933654579564 28
1656638837565 0.03260052145336356 29
1656638917430 0.036162907639773256 30
1656638995000 0.026221970711880926 31
1656639053081 0.02386376116245581 32
1656639102813 0.019449653948194534 33
1656639162077 0.01420391536479837 34
1656639266495 0.01758513354527813 35
1656639369882 0.029668691469353803 36
1656639449311 0.023356750330594034 37
1656639516467 0.0269705921895248 38
1656639627697 0.019073938062902807 39
1656639722333 0.017178966390167916 40
1656639787339 0.016273639921959626 41
1656639861557 0.019281071118245285 42
1656639971120 0.020325230276447726 43
1656640050023 0.017689340115257357 44
1656640128034 0.017211728828437467 45
1656640220021 0.019274553311696696 46
1656640300177 0.01874871905041242 47
1656640368471 0.018879438977676632 48
1656640439815 0.015820170859226934 49
1656640527419 0.012205825290547145 50
1656640600406 0.008320324010879121 51
1656640664744 0.009280675425099694 52
1656640720067 0.009052060532924733 53
1656640800106 0.008472844537408153 54
1656640880423 0.008827954440337016 55
1656640960994 0.00751821562965127 56
1656641075888 0.00872557524474804 57
1656641149303 0.008273160699532212 58
1656641206824 0.00802554544284273 59
1656641253984 0.008529066237948801 60
1656641308428 0.007031786859166389 61
1656641352272 0.005356168907439174 62
1656641402728 0.0052240133440997205 63
1656641443794 0.00542110192009948 64
1656641482321 0.004108077378684349 65
1656641521391 0.004664568937340241 66
1656641561184 0.004921893432977886 67
1656641602274 0.0036926588923702486 68
1656641642620 0.003639064787992252 69
1656641683250 0.0030427425772245886 70
1656641721074 0.0021766274494946503 71
1656641766691 0.002425737099361114 72
1656641806973 0.0026188135602779328 73
1656641846228 0.0022388430035538143 74
1656641884480 0.0031066662046771443 75
1656641929455 0.0032835634717449658 76
1656641966634 0.0032363698058111012 77
1656642012338 0.0032855337120726302 78
1656642055599 0.003554623374570909 79
1656642097980 0.00441512843237335 80
1656642142514 0.004951593216718231 81
1656642182109 0.005960215717108142 82
1656642225719 0.0058250567734756675 83
1656642274403 0.006375366387929793 84
1656642315149 0.006154202432952283 85
1656642356803 0.005276372492673209 86
1656642396887 0.005305276417045479 87
1656642438463 0.004048623596510703 88
1656642478215 0.00445998690400351 89
1656642513224 0.004054081640441298 90
1656642551542 0.00382209043630255 91
1656642595772 0.00328854875966178 92
1656642638183 0.003495766421309998 93
1656642680954 0.003754793535834855 94
1656642732044 0.003100144981995734 95
1656642773166 0.0032932774988152502 96
1656642814794 0.0026357060325248316 97
1656642853124 0.001978246294025543 98
1656642889762 0.001344417698389111 99
1656642932045 0.0012909070868359906 100
1656642977488 0.001311754830435663 101
1656643022833 0.0007481144626179104 102
1656643077960 0.0010732953094656494 103
1656643126324 0.0012646640695914702 104
1656643174590 0.0011768142914866386 105
1656643220706 0.001278919331390127 106
1656643266648 0.0015186714263945023 107
1656643320375 0.002409912838771233 108
1656643371190 0.001980226141892416 109
1656643421890 0.0018762905096898486 110
1656643475140 0.001715122449016393 111
1656643527430 0.0019131509214384002 112
1656643574618 0.0015318847183283246 113
1656643615277 0.001490945290128165 114
1656643660354 0.0012522547028775977 115
1656643714165 0.0012290042377300914 116
1656643765284 0.0009233627500160324 117
1656643812427 0.001050811723121381 118
1656643862655 0.0010594709970991323 119
1656643907928 0.0009976688601243122 120
1656643955237 0.0007106048610552307 121
1656644002086 0.0007349416221054117 122
1656644054532 0.000992251606191763 123
1656644104864 0.001234130059310612 124
1656644153294 0.0015760221685018339 125
1656644200391 0.0016819702527027802 126
1656644244939 0.0018822975375789586 127
1656644291829 0.002216881083509703 128
1656644338628 0.002119550855046448 129
1656644389456 0.00198721763622256 130
1656644441412 0.0024173457229867967 131
1656644490369 0.0021664595490565874 132
1656644536558 0.002142074653784465 133
1656644587714 0.001957172387206829 134
1656644634072 0.0017164410145495967 135
1656644682599 0.002017360218033337 136
1656644729067 0.0019468907811469593 137
1656644781081 0.0018984167809193986 138
1656644834978 0.001570288851104218 139
1656644885593 0.001707030749045546 140
1656644932885 0.0016370274491629422 141
1656644979572 0.001805284039938182 142
1656645026553 0.0019328215783367408 143
1656645073565 0.0016981689354194085 144
1656645118568 0.0018601398207214181 145
1656645165215 0.0020433996800114373 146
1656645216817 0.001891081908925507 147
1656645271418 0.0015010279470749621 148
1656645319920 0.001672972879446899 149
1656645366413 0.001146160755470249 150
1656645416828 0.0010756355009926555 151
1656645458702 0.0008237028858112394 152
1656645506973 0.0007359389726392385 153
1656645562353 0.0005826410712921337 154
1656645613239 0.0006643254083545935 155
1656645667357 0.000617166229333721 156
1656645717988 0.0005962242633336112 157
1656645765898 0.0009531627877292781 158
1656645819049 0.0007933639850816743 159
1656645864539 0.0006285871183203673 160
1656645912803 0.0005586781534986374 161
1656645963068 0.0006482255332205256 162
1656646006568 0.0006596944245116365 163
1656646052249 0.000755792862476623 164
1656646097499 0.0008199239830782856 165
1656646144268 0.0010495458325466833 166
1656646198143 0.0009046650976258785 167
1656646247760 0.0007386541851970296 168
1656646296951 0.00080933528054139 169
1656646343710 0.0006743033197587067 170
1656646391130 0.0008292014796363878 171
1656646436737 0.001045680470703414 172
1656646484293 0.0009980414248454972 173
1656646529887 0.0009616867381505578 174
1656646572771 0.0009119669978253642 175
1656646616244 0.0010428216666541479 176
1656646659147 0.0009213938154927215 177
1656646702778 0.001063743377424986 178
1656646745921 0.0010108531762770268 179
1656646791085 0.001044531939024873 180
1656646835599 0.0009685271750645708 181
1656646881090 0.0008931501106921313 182
1656646926018 0.001006837277763073 183
1656646973206 0.0011125806775744707 184
1656647019673 0.0009097788897719505 185
1656647066396 0.0008706964465814426 186
1656647114196 0.0008820946797754026 187
1656647157835 0.0010175920529891247 188
1656647209436 0.0009026014591627662 189
1656647251345 0.0007474415230093179 190
1656647301293 0.0006602973237258558 191
1656647350309 0.0004909937970370981 192
1656647397733 0.00044796541465197404 193
1656647452658 0.0004821035818092234 194
1656647493830 0.0004872945147591512 195
1656647536805 0.0002773871869922173 196
1656647582714 4.1712609112010135e-05 197
1656647626645 6.793686803663324e-05 198
1656647672799 4.7952265529449534e-05 199
1656647710257 6.058752735071948e-05 200
1656647752353 3.6215997782140796e-05 201
1656647796728 9.536119445763269e-05 202
1656647834898 0.00010862596319549667 203
1656647874813 0.00018869266952248331 204
1656647919687 0.00014805330148992546 205
1656647963925 0.00010480205015683808 206
1656648008523 0.00010784962211995985 207
1656648056720 0.00013688364591979418 208
1656648109583 0.0001281789023905855 209
1656648151814 0.00010029259515154099 210
1656648197256 0.00011388937378231656 211
1656648246156 0.00022268289399673957 212
1656648291794 0.00018902162545064716 213
1656648340579 0.00014146798135872274 214
1656648387824 0.00014318558796599934 215
1656648432125 0.00012933328931563626 216
1656648479841 0.00016880027048549184 217
1656648526345 0.00012771383419718507 218
1656648573878 0.00015984960195691844 219
1656648619143 0.00021760174109519692 220
1656648668243 0.00022647361275685007 221
1656648720813 0.0002589616856524257 222
1656648769426 0.0002501981983691337 223
1656648816463 0.0002521603142775497 224
1656648862530 0.00022320981959211839 225
1656648911925 0.0002058762047650875 226
1656648958540 0.00021709444069384354 227
1656649007914 0.0002838975464770632 228
1656649054927 0.00026312031341013675 229
1656649103506 0.0002258288394659802 230
1656649151770 0.00020446569888588062 231
1656649203564 0.00020863448650476624 232
1656649252270 0.00023770749906748545 233
1656649299424 0.0004215303453827257 234
1656649351773 0.0004725166431449601 235
1656649400258 0.00034012675016603655 236
1656649445275 0.0002891695615394596 237
1656649488856 0.0002828696563585975 238
1656649535794 0.0003223632245116237 239
1656649586206 0.0003709088473514699 240
1656649640370 0.0003353279411671961 241
1656649684404 0.00038704867866412584 242
1656649734468 0.0003356656024391391 243
1656649784485 0.000295237837231066 244
1656649837065 0.00033818744833802317 245
1656649885790 0.00034967078608860724 246
1656649937756 0.00038823456766767794 247
1656649986259 0.00035908065028755765 248
1656650035914 0.0003446781484987005 249
1656650081606 0.0002965968887830295 250
1656650124003 0.0002258737454585713 251
1656650171614 0.00023360857495047238 252
1656650219268 0.00019637055840326934 253
1656650270769 0.00023083916377086844 254
1656650316697 0.00017728049503928922 255
1656650362439 0.0001434156251857166 256
1656650401722 0.00026589361810058776 257
1656650444792 0.00021060692059027275 258
1656650487583 0.0002077580822059666 259
1656650532787 0.0001726441775544707 260
1656650578653 0.00015409027270896214 261
1656650630572 0.00015014746095232123 262
1656650678634 0.00014740588521700015 263
1656650724348 0.00011553104750028353 264
1656650771269 8.814221227460006e-05 265
1656650821424 8.135537184272845e-05 266
1656650870482 7.628169813356234e-05 267
1656650914559 7.33121604435949e-05 268
1656650960650 4.5011461876742764e-05 269
1656651002348 5.132459014223212e-05 270
1656651048390 6.39196957618049e-05 271
1656651086118 8.156104038525847e-05 272
1656651128158 6.390599763927973e-05 273
1656651172637 5.869496857879852e-05 274
1656651217413 5.6271905055749194e-05 275
1656651255863 5.320362189331629e-05 276
1656651295727 6.399593903816392e-05 277
1656651336057 5.718340371985153e-05 278
1656651374304 5.762019073318747e-05 279
1656651420855 7.748860797884838e-05 280
1656651458375 8.705000218511838e-05 281
1656651501798 8.820800342768109e-05 282
1656651546249 8.796379681386135e-05 283
1656651588657 7.38631870049744e-05 284
1656651631991 9.418457712018213e-05 285
1656651675829 8.578555530336374e-05 286
1656651719240 7.893584342377746e-05 287
1656651759542 6.785983789647787e-05 288
1656651793114 5.220077469503259e-05 289
1656651831185 6.088525673864087e-05 290
1656651872082 5.852026109509634e-05 291
1656651913266 6.658822758298655e-05 292
1656651959428 6.609177903793562e-05 293
1656652001333 7.50438482050031e-05 294
1656652044473 7.284750173930377e-05 295
1656652094558 8.860613811167983e-05 296
1656652137627 7.926504667987722e-05 297
1656652181172 7.895568169269396e-05 298
1656652219457 7.675209264301763e-05 299
1656652267303 8.823001095692451e-05 300
1656652309266 0.00010033637128126216 301
1656652349249 0.00012522740186948766 302
1656652392202 0.00011657380433038877 303
1656652432764 0.00010341040544359359 304
1656652476596 0.00010967516407234257 305
1656652514963 0.0001122594811023836 306
1656652550834 0.00010206898430353828 307
1656652588997 0.0001272187346479381 308
1656652631094 9.426399809520092e-05 309
1656652670876 6.787738112512542e-05 310
1656652715500 7.660240425766407e-05 311
1656652756562 0.00012075492011021094 312
1656652794156 0.0001223730726057637 313
1656652829734 0.00013452037721128907 314
1656652863652 0.00013167890152543382 315
1656652899340 0.0001528003709488912 316
1656652939781 0.00013558492414156298 317
1656652982449 0.00014966781529535123 318
1656653018879 0.00014802816132708507 319
1656653055273 0.000137445002305836 320
1656653098639 0.00012133878362907691 321
1656653137818 9.15564113432854e-05 322
1656653186878 9.580012766430279e-05 323
1656653227908 0.00012255388078652452 324
1656653263318 0.00013711495102664006 325
1656653301937 0.00015835088583204815 326
1656653339865 0.00016412463341297645 327
1656653383769 0.0001580539030291428 328
1656653430405 0.00015965905606185604 329
1656653466579 0.00014052986667334455 330
1656653510224 0.00014281056764819944 331
1656653548885 0.00013733191139519985 332
1656653589033 0.00014526147609561502 333
1656653630392 0.00016175965244535906 334
1656653672518 0.00018765958499333824 335
1656653710360 0.00016344724583516879 336
1656653752018 0.00013707038156318685 337
1656653795292 0.00014663317115881647 338
1656653840054 0.000163050041305568 339
1656653879828 0.00014519556162795322 340
1656653918490 0.00010889749084619371 341
1656653960347 9.994271108160202e-05 342
1656654000294 7.4356424988542e-05 343
1656654041105 6.77459974544048e-05 344
1656654078803 6.186630865201437e-05 345
1656654119896 6.679536149023502e-05 346
1656654163511 6.509938864840414e-05 347
1656654202476 6.42320957419118e-05 348
1656654241509 7.402488408492225e-05 349
1656654285862 7.444693457836493e-05 350
1656654325302 9.554068813133476e-05 351
1656654366735 0.00013878408652068241 352
1656654408702 0.0001082275518216047 353
1656654446162 0.00011657683992494228 354
1656654485282 0.00010475292367095879 355
1656654525915 9.253848247747776e-05 356
1656654566505 9.871472330480469e-05 357
1656654606531 0.00010393002332975687 358
1656654645536 9.631550008915024e-05 359
1656654689007 8.564319500214967e-05 360
1656654728728 7.969284923936559e-05 361
1656654769207 6.945499569310787e-05 362
1656654814005 6.639393743557154e-05 363
1656654854678 7.905882986924961e-05 364
1656654895303 7.114258184248712e-05 365
1656654938440 6.765341625736276e-05 366
1656654981528 6.872631763810144e-05 367
1656655019963 6.417962258176146e-05 368
1656655061561 6.053348612955478e-05 369
1656655102353 5.536886135504293e-05 370
1656655145028 4.554820087854239e-05 371
1656655183415 4.374955979402628e-05 372
1656655223169 5.085331054888176e-05 373
1656655269315 4.371783536938345e-05 374
1656655318265 7.551680994399845e-05 375
1656655360382 0.00012893238272082552 376
1656655401673 0.0001246063701448863 377
1656655453640 0.0001078571805183115 378
1656655499681 9.365540615580148e-05 379
1656655546894 7.221058139539327e-05 380
1656655594674 6.656475175670362e-05 381
1656655639106 6.842385981831178e-05 382
1656655687404 7.647822835132878e-05 383
1656655731833 7.043407007034652e-05 384
1656655774508 5.374381943745732e-05 385
1656655817458 5.826447589962758e-05 386
1656655861064 7.217102754009108e-05 387
1656655908825 5.049229101095065e-05 388
1656655952285 4.9349179453761494e-05 389
1656656001676 4.412743747861381e-05 390
1656656047665 4.968119600112786e-05 391
1656656090292 4.6250533627612e-05 392
1656656137871 3.244050333595094e-05 393
1656656179031 3.0145842163320502e-05 394
1656656219887 2.7672717599180885e-05 395
1656656259328 2.4349861228345482e-05 396
1656656308145 2.3834743666406588e-05 397
1656656350427 4.1087054959199065e-05 398
1656656394419 4.769726891251658e-05 399
1656656433032 5.7104405725039165e-05 400
1656656476433 5.793580092139372e-05 401
1656656520309 6.97073160942363e-05 402
1656656557600 7.335779454842317e-05 403
1656656595041 0.0001090199433255723 404
1656656633372 0.00011851025573195173 405
1656656678925 0.00012886122143040968 406
1656656717106 0.00010658083503511939 407
1656656755922 0.00010276980191969987 408
1656656793786 0.00010069259754563742 409
1656656836120 9.104568429685322e-05 410
1656656880298 0.00010074276335125809 411
1656656923512 0.00010051567087510094 412
1656656963363 9.97356197666166e-05 413
1656657002558 0.00010582337542375253 414
1656657047669 0.00011667628302369781 415
1656657085090 0.00012407076178733156 416
1656657127435 0.00010145362906377464 417
1656657172343 0.00011093363164216274 418
1656657215022 8.415650718363032e-05 419
1656657255783 7.899125749599722e-05 420
1656657298719 6.578016029912259e-05 421
1656657339253 7.32914088084069e-05 422
1656657389963 7.163694850453872e-05 423
1656657431952 7.979490635434683e-05 424
1656657472794 7.926541173419732e-05 425
1656657511288 6.893165202082052e-05 426
1656657554823 7.1469893826559e-05 427
1656657595392 5.890659086438266e-05 428
1656657640686 5.6187226810000546e-05 429
1656657682099 6.089658569730094e-05 430
1656657721029 4.5213067898286496e-05 431
1656657762713 3.1542441489507134e-05 432
1656657803730 3.776984889769519e-05 433
1656657853343 4.5434666983701355e-05 434
1656657899668 3.688229388632003e-05 435
1656657938988 3.550555679254774e-05 436
1656657978631 3.512839172836735e-05 437
1656658022898 2.8339212442052286e-05 438
1656658067541 2.061550614540497e-05 439
1656658112063 1.9382193094164002e-05 440
1656658155172 1.987666258140841e-05 441
1656658195586 2.320695180713095e-05 442
1656658235418 1.890309190211159e-05 443
1656658275239 2.207621495431411e-05 444
1656658320478 2.420782700729429e-05 445
1656658367524 2.538999141021847e-05 446
1656658416389 1.8892806140757834e-05 447
1656658455928 1.517860689481676e-05 448
1656658497572 1.8339497207087163e-05 449
1656658536072 2.2333662787366038e-05 450
1656658575447 2.509210797752015e-05 451
1656658616760 2.9701233363654822e-05 452
1656658660342 2.6969760647754804e-05 453
1656658698102 3.132972788477684e-05 454
1656658740627 3.984445049121099e-05 455
1656658783616 3.665842352384985e-05 456
1656658825475 3.7632577678747836e-05 457
1656658869703 5.59835407663023e-05 458
1656658912396 6.577232538773625e-05 459
1656658961586 5.2078945900202456e-05 460
1656659003407 5.39877108441944e-05 461
1656659046327 4.943889626574105e-05 462
1656659087787 5.134561880504318e-05 463
1656659135644 5.5916362324270885e-05 464
1656659176862 4.2664243103285315e-05 465
1656659214824 5.967826033559387e-05 466
1656659253877 7.859079210303932e-05 467
1656659298725 8.716095566396742e-05 468
1656659344905 8.250274361631948e-05 469
1656659389769 7.09353331331819e-05 470
1656659430987 7.914011596998893e-05 471
1656659480244 8.44840703421168e-05 472
1656659525204 6.74730643436261e-05 473
1656659571082 7.055353780105467e-05 474
1656659618103 5.9966722102511305e-05 475
1656659661172 5.9256735906454416e-05 476
1656659698201 5.725244034116006e-05 477
1656659742890 6.764228693356689e-05 478
1656659786744 6.590799853767315e-05 479
1656659825369 5.25449523322008e-05 480
1656659869809 4.161398694313423e-05 481
1656659916399 4.9154684540364535e-05 482
1656659960832 4.222805861742174e-05 483
1656659996872 4.5905613226482345e-05 484
1656660037281 5.709074200233033e-05 485
1656660075327 4.8746747917882693e-05 486
1656660126036 4.465447492163488e-05 487
1656660167107 3.478161251024847e-05 488
1656660212403 4.3598446564874216e-05 489
1656660252299 4.743859770284242e-05 490
1656660294355 4.957596113486229e-05 491
1656660335105 5.3601812592618536e-05 492
1656660374952 4.563857425587958e-05 493
1656660414731 4.402107726386717e-05 494
1656660452198 3.580464878794043e-05 495
1656660492584 4.281982212117619e-05 496
1656660536139 4.7039654729297276e-05 497
1656660585062 4.150854927620351e-05 498
1656660634630 4.6802364064624236e-05 499
1656660682884 4.645939475866889e-05 500
1656660727784 3.96106545842434e-05 501
1656660767920 3.94765303435296e-05 502
1656660814237 3.09652768908375e-05 503
1656660855978 2.5717217232323897e-05 504
1656660904312 2.217554114403164e-05 505
1656660950425 2.8449180173861777e-05 506
1656660995781 2.72227442869033e-05 507
1656661041799 2.9435130001642662e-05 508
1656661089869 2.446045513071482e-05 509
1656661133199 1.9558250152540424e-05 510
1656661176472 1.4940758736203819e-05 511
1656661213727 1.3123051023078425e-05 512
1656661255354 9.936987535374975e-06 513
1656661296708 1.0944189949069205e-05 514
1656661334141 1.1874934540800908e-05 515
1656661378878 1.7703892207676653e-05 516
1656661416563 2.7080812492807915e-05 517
1656661460748 1.9318481446650715e-05 518
1656661502229 3.132127894578396e-05 519
1656661544166 4.406105419518802e-05 520
1656661586166 5.064853415237547e-05 521
1656661624205 5.1445675401939894e-05 522
1656661664862 4.368864621018265e-05 523
1656661709472 4.1632429462867826e-05 524
1656661747135 5.204713323236909e-05 525
1656661788273 5.83058343079923e-05 526
1656661836699 6.496979575598694e-05 527
1656661884664 7.137295471804084e-05 528
1656661928652 6.290999450231372e-05 529
1656661973936 5.438855130457387e-05 530
1656662021517 5.3350430622933764e-05 531
1656662063439 5.328729989917402e-05 532
1656662109234 4.572609180630849e-05 533
1656662154351 4.016721949207103e-05 534
1656662199826 3.639812187539171e-05 535
1656662248912 3.153961644009051e-05 536
1656662294724 3.383258864719796e-05 537
1656662342423 3.229209333444061e-05 538
1656662385140 3.220291768402106e-05 539
1656662428844 2.9300014561139953e-05 540
1656662473177 2.628287659423023e-05 541
1656662518767 2.0815058374812345e-05 542
1656662560622 2.0645926832596473e-05 543
1656662597860 2.5646324411709998e-05 544
1656662638843 2.6077860333595382e-05 545
1656662673237 2.66214360825634e-05 546
1656662712319 2.790717996770109e-05 547
1656662755282 3.3835195690778974e-05 548
1656662794323 2.9091182331741905e-05 549
1656662829493 3.0105997990137467e-05 550
1656662871911 3.1676785515855066e-05 551
1656662908306 2.732341827837992e-05 552
1656662950956 3.241755254945744e-05 553
1656662992710 3.2951659290958446e-05 554
1656663035795 3.136951880500227e-05 555
1656663074827 3.095479291470582e-05 556
1656663116236 4.1159567881199344e-05 557
1656663157713 3.595652145627071e-05 558
1656663203508 3.70723115262761e-05 559
1656663250240 3.400567251266029e-05 560
1656663296743 2.8034870666271416e-05 561
1656663334563 2.900685651452406e-05 562
1656663375074 2.966923655933762e-05 563
1656663413778 2.7031704318503103e-05 564
1656663457605 2.797805457899205e-05 565
1656663499495 3.740607594604484e-05 566
1656663544012 4.205075298924221e-05 567
1656663583687 4.3920619555715135e-05 568
1656663629346 4.078685708364116e-05 569
1656663670583 2.796110165403931e-05 570
1656663706342 2.6365529651628528e-05 571
1656663746573 2.5453704599276428e-05 572
1656663788814 2.8726545052149e-05 573
1656663833740 2.949043797317863e-05 574
1656663873076 3.213932350987214e-05 575
1656663919195 3.1775291462254884e-05 576
1656663960808 3.397326065823769e-05 577
1656664000083 3.4257498150225274e-05 578
1656664046906 3.7889772015797796e-05 579
1656664084769 3.721651386845437e-05 580
1656664126152 4.41655431939747e-05 581
1656664167320 4.3088249588318916e-05 582
1656664209986 4.300690074332536e-05 583
1656664249356 4.1461842965273554e-05 584
1656664293024 4.21535753016844e-05 585
1656664336034 4.312092908353993e-05 586
1656664374278 4.102751120604875e-05 587
1656664417377 4.1060517227187177e-05 588
1656664463055 4.085152016852778e-05 589
1656664499921 4.137179463425955e-05 590
1656664542917 4.076533670638316e-05 591
1656664585025 4.06737500033838e-05 592
1656664628645 4.159297786943128e-05 593
1656664666635 3.408180077468792e-05 594
1656664710175 3.367638176232646e-05 595
1656664752884 3.464233815209106e-05 596
1656664794851 3.641904870077539e-05 597
1656664829648 3.47619252892839e-05 598
1656664869536 3.67656188796639e-05 599
1656664916825 4.346974398228287e-05 600
1656664962427 5.23827476861527e-05 601
1656665002735 5.759581379916057e-05 602
1656665045404 5.546891650642927e-05 603
1656665084709 5.363814660830357e-05 604
1656665127434 5.6978695677556424e-05 605
1656665163045 6.70061209337991e-05 606
1656665203348 6.310842232593039e-05 607
1656665247916 5.95066152442314e-05 608
1656665288312 5.605172091238675e-05 609
1656665326499 5.928171372016067e-05 610
1656665369461 5.2149822551528224e-05 611
1656665412127 4.5393958790551636e-05 612
1656665450860 4.4113386502897534e-05 613
1656665492988 4.098752085335278e-05 614
1656665536513 4.20301398631473e-05 615
1656665575392 3.752500645548551e-05 616
1656665616790 4.080227216862742e-05 617
1656665661223 3.6891105259506674e-05 618
1656665703742 3.207123534954004e-05 619
1656665742738 3.07744015224376e-05 620
1656665786863 3.213529449963559e-05 621
1656665840009 3.407430317303728e-05 622
1656665881449 2.999640136924775e-05 623
1656665923717 2.8555593348134067e-05 624
1656665966931 3.0184755979378863e-05 625
1656666012363 2.8965860927931963e-05 626
1656666053093 2.9016117514935047e-05 627
1656666096434 2.873490165300474e-05 628
1656666133285 3.474705354866714e-05 629
1656666174513 3.4139360556073584e-05 630
1656666216607 3.689978406862249e-05 631
1656666254974 4.3737546469913013e-05 632
1656666299016 5.439649607541508e-05 633
1656666344132 4.723300029585431e-05 634
1656666387780 5.5674754079304556e-05 635
1656666438001 5.176872615253458e-05 636
1656666483504 5.1282786405315584e-05 637
1656666529813 5.3373259464528644e-05 638
1656666576236 5.8577237106893776e-05 639
1656666625965 5.829204282692402e-05 640
1656666670352 6.670257149377079e-05 641
1656666718073 6.579740310819204e-05 642
1656666760346 6.136953529667366e-05 643
1656666804110 6.127074695305712e-05 644
1656666845558 6.698047901809723e-05 645
1656666892579 7.172364680407828e-05 646
1656666940437 7.164955049510091e-05 647
1656666988801 7.601060852846508e-05 648
1656667032556 7.290977820373357e-05 649
1656667076360 7.572054481574941e-05 650
1656667120132 7.21165114210276e-05 651
1656667165761 7.200871850743251e-05 652
1656667213870 6.918792886834169e-05 653
1656667259232 6.920242787178399e-05 654
1656667311214 6.923336866826446e-05 655
1656667355211 6.34385268006854e-05 656
1656667397378 6.738288798890935e-05 657
1656667445567 6.631494770337198e-05 658
1656667484953 6.271577934524597e-05 659
1656667526117 6.148288722207518e-05 660
1656667566108 6.176809396518657e-05 661
1656667614682 6.785721263280475e-05 662
1656667658319 8.27445384004033e-05 663
1656667705546 7.812745283342082e-05 664
1656667749292 7.400821858394302e-05 665
1656667793824 7.082702547400732e-05 666
1656667843940 7.50507717431903e-05 667
1656667881987 7.230225782339783e-05 668
1656667928049 7.13897140555142e-05 669
1656667972725 8.542233237263108e-05 670
1656668008898 9.557669123172463e-05 671
1656668058961 8.677602276507823e-05 672
1656668104668 8.916330904473746e-05 673
1656668155320 9.682308041603083e-05 674
1656668201429 9.025485136937572e-05 675
1656668251787 0.00010810405733618911 676
1656668303192 0.0001232427006268022 677
1656668348921 0.00012994641639751947 678
1656668395371 0.00012704038160937792 679
1656668442501 0.00012525207858571363 680
1656668485789 0.0001327079524663377 681
1656668531453 0.00013228221428351894 682
1656668573691 0.0001241872578219283 683
1656668615655 0.00012075543608780492 684
1656668662055 0.0001193279350341081 685
1656668706333 0.00011419371160514835 686
1656668754873 0.00011149878873062402 687
1656668802823 9.657570569121532e-05 688
1656668848956 0.00010431623582707328 689
1656668895409 9.992672168346317e-05 690
1656668936603 0.00010097678939680055 691
1656668978902 9.151959716557911e-05 692
1656669024095 7.872128741748252e-05 693
1656669066340 8.182994973537916e-05 694
1656669111899 8.843104397315837e-05 695
1656669157613 9.669672726497769e-05 696
1656669195638 0.00010207097821224309 697
1656669237404 0.00010252217943240716 698
1656669285052 0.00010423822712157804 699
1656669331465 0.0001054154488514536 700
1656669375624 0.0001085055242318056 701
1656669421641 0.00010525805460848137 702
1656669466511 0.00011242867339289475 703
1656669510251 0.00012167827475284554 704
1656669550164 0.00011609934860701276 705
1656669591807 0.00011311446132089564 706
1656669632985 0.00012072978837851522 707
1656669672799 0.0001291411776883633 708
1656669716383 0.00013746786206325634 709
1656669765030 0.00014044167180049527 710
1656669810581 0.00013310432854851673 711
1656669861236 0.00013039787985524853 712
1656669913287 0.0001401271857481845 713
1656669952602 0.00013296410413932147 714
1656669997278 0.00012966689915383522 715
1656670042092 0.00012557082050035362 716
1656670087135 0.00012862989174167172 717
1656670126091 0.00012144305354544471 718
1656670168539 0.00010858647915246156 719
1656670207746 0.00011690096115868354 720
1656670246465 0.00012690188700481553 721
1656670288655 0.00015203564827748206 722
1656670330628 0.00014074980102096735 723
1656670373231 0.00012967543628339406 724
1656670410234 0.00012221430634495878 725
1656670450524 0.00011514609183183033 726
1656670488497 0.0001269632187641534 727
1656670522020 0.00012302137896780252 728
1656670561792 0.00011593145455535137 729
1656670604787 0.0001245799131983638 730
1656670645498 0.00012415198209014822 731
1656670684626 0.00011428111509403927 732
1656670717623 0.00011491753429782037 733
1656670758254 0.000103482552988865 734
1656670794038 9.1510453536503e-05 735
1656670833064 8.447085439089452e-05 736
1656670871975 7.491498928879903e-05 737
1656670916171 6.955250830442683e-05 738
1656670953043 7.831164102445332e-05 739
1656670995363 7.380351555075215e-05 740
1656671037196 6.811891910585288e-05 741
1656671075590 5.925882553470263e-05 742
1656671108986 6.0881251610522824e-05 743
1656671151396 7.350754848600705e-05 744
1656671195282 8.055393622052875e-05 745
1656671234063 7.449063370879028e-05 746
1656671275129 7.620188392898353e-05 747
1656671321387 7.944810035209748e-05 748
1656671367048 8.456537847501e-05 749
1656671411560 9.606229385195064e-05 750
1656671452594 9.190218414001361e-05 751
1656671494730 8.540362878062258e-05 752
1656671534439 8.078969364611055e-05 753
1656671574763 8.275344199615287e-05 754
1656671615694 7.315314063105482e-05 755
1656671656673 7.60125233407738e-05 756
1656671695775 8.005621660112094e-05 757
1656671734677 8.675119453915858e-05 758
1656671776325 8.476584144134769e-05 759
1656671814753 8.663681886356134e-05 760
1656671858251 8.016250046427587e-05 761
1656671903651 8.206012165379306e-05 762
1656671949219 8.092489069799758e-05 763
1656671987556 8.847325239047521e-05 764
1656672032321 8.246483253937509e-05 765
1656672075921 7.725580218065353e-05 766
1656672118694 6.91192270709795e-05 767
1656672157450 8.369777667238676e-05 768
1656672200048 7.50292463296276e-05 769
1656672239425 8.423479234387354e-05 770
1656672279357 8.942056899940987e-05 771
1656672320141 9.95733021705858e-05 772
1656672361004 9.48391290129802e-05 773
1656672400639 9.94215751040084e-05 774
1656672442175 9.600417951982632e-05 775
1656672483242 9.60322215907139e-05 776
1656672521459 0.00010508807278353238 777
1656672561951 0.00011568884069057539 778
1656672605432 0.00011660650553291241 779
1656672645760 0.00010923992585565312 780
1656672686728 0.00010315822438822231 781
1656672726677 0.00012022684757573288 782
1656672768022 0.00012958996636158737 783
1656672807573 0.0001312464649987355 784
1656672851269 0.00013376386371044546 785
1656672889004 0.00012670620935384402 786
1656672935993 0.00012875950228585786 787
1656672984682 0.00012141639196017184 788
1656673025400 0.00011839124331491924 789
1656673069974 0.0001267351612470602 790
1656673114471 0.00012223520734777615 791
1656673161111 0.0001324697325929547 792
1656673204710 0.00013358854600853398 793
1656673247911 0.00012193370773616596 794
1656673291743 0.00013058302217106021 795
1656673337858 0.00013900598058125269 796
1656673386105 0.00015539842955880623 797
1656673431287 0.0001481102303130255 798
1656673480853 0.00013990242067418723 799
1656673519710 0.00013415682022155373 800
1656673567464 0.00013558728136198184 801
1656673612937 0.0001391443549789706 802
1656673653936 0.00012746227530657794 803
1656673700347 0.000121926931140659 804
1656673743122 0.00011586346711556228 805
1656673788582 0.00012482896170207258 806
1656673832179 0.00011499540087223092 807
1656673879555 0.00012293116460815323 808
1656673925339 0.00011294283130103278 809
1656673969369 0.00012052776194848569 810
1656674010231 0.00011180678909816777 811
1656674052115 0.00010699448640538733 812
1656674100785 0.00011069479896597123 813
1656674152323 0.00011972825814177135 814
1656674199079 0.00012742778707086622 815
1656674239674 0.00012084020191827083 816
1656674286224 0.00011522212007863963 817
1656674328886 9.759362161243512e-05 818
1656674375569 0.00010209939977889881 819
1656674418198 8.75365577962528e-05 820
1656674463691 7.674548573255446e-05 821
1656674513363 8.540577433790997e-05 822
1656674555403 8.005285876189205e-05 823
1656674596615 8.195719625181397e-05 824
1656674640361 7.848242098340563e-05 825
1656674685993 7.519236566166931e-05 826
1656674730231 7.130095248752966e-05 827
1656674782612 7.374069077292766e-05 828
1656674831415 7.590547158264904e-05 829
1656674878931 8.358459771129478e-05 830
1656674930182 8.402980449995212e-05 831
1656674974083 7.766267360953538e-05 832
1656675023944 7.594699488078227e-05 833
1656675075067 7.44390264033612e-05 834
1656675124077 7.871077515286817e-05 835
1656675173762 8.07696556046622e-05 836
1656675218279 7.543387768305099e-05 837
1656675264104 8.097784416094544e-05 838
1656675311586 7.656217551044175e-05 839
1656675352439 7.984650718106945e-05 840
1656675388904 8.244332048523706e-05 841
1656675434989 7.898379006399114e-05 842
1656675477895 7.191008730034198e-05 843
1656675517025 7.749754753272331e-05 844
1656675562606 8.010795384771896e-05 845
1656675606624 7.761525739646835e-05 846
1656675647169 7.377287142040778e-05 847
1656675683748 7.349876835427427e-05 848
1656675723321 6.957389609119069e-05 849
1656675766888 7.15902216240627e-05 850
1656675809668 6.871149090681428e-05 851
1656675850973 6.462463743694968e-05 852
1656675890907 5.990572303282704e-05 853
1656675927048 6.247143887105899e-05 854
1656675969123 6.513068084124107e-05 855
1656676013413 5.425153888960477e-05 856
1656676051299 5.761355340183627e-05 857
1656676093894 5.934897280890361e-05 858
1656676135107 5.6631129321194074e-05 859
1656676175277 5.6941481954009276e-05 860
1656676213343 4.982033096634364e-05 861
1656676257374 5.128152071642855e-05 862
1656676295780 4.427053990307961e-05 863
1656676335720 4.759260930164988e-05 864
1656676378883 5.315690592599953e-05 865
1656676424227 5.095092806373103e-05 866
1656676464123 4.702541616263822e-05 867
1656676511077 5.3344258450604976e-05 868
1656676554788 5.798528413747395e-05 869
1656676600181 4.966315135956911e-05 870
1656676644056 4.683576744846096e-05 871
1656676686874 4.975045368660336e-05 872
1656676732884 4.753471841822954e-05 873
1656676772222 5.0834006753208705e-05 874
1656676815084 5.302690488184769e-05 875
1656676855922 4.630444741082762e-05 876
1656676903883 4.4123851295152505e-05 877
1656676943691 4.101245961607436e-05 878
1656676990422 3.908856061507482e-05 879
1656677035147 3.733896942859083e-05 880
1656677075769 3.945898563162409e-05 881
1656677111745 3.454487418530494e-05 882
1656677144541 3.510875693457649e-05 883
1656677184852 3.745157935597376e-05 884
1656677225092 3.587096821056068e-05 885
1656677263763 3.456532594059425e-05 886
1656677302767 3.696907257921822e-05 887
1656677340422 3.468298340392195e-05 888
1656677377959 2.906338585406676e-05 889
1656677422413 3.486705938804402e-05 890
1656677462509 4.1012534485851404e-05 891
1656677505808 4.2538696127913944e-05 892
1656677551278 4.144824828256066e-05 893
1656677588915 4.021661960929013e-05 894
1656677625311 3.6435638323673025e-05 895
1656677662260 3.789725584180115e-05 896
1656677703894 3.065322393636105e-05 897
1656677747001 2.7455305322221513e-05 898
1656677785395 2.595104557090444e-05 899
1656677822877 2.628643818980425e-05 900
1656677862406 2.8517778677961125e-05 901
1656677909411 2.4946004776427166e-05 902
1656677946578 2.5571861513751237e-05 903
1656677990177 2.5180877793018475e-05 904
1656678032703 2.5731188510458303e-05 905
1656678075592 2.0369449317936272e-05 906
1656678118380 1.8267402431493274e-05 907
1656678161176 1.9210635264887976e-05 908
1656678208921 2.1150226084509782e-05 909
1656678249876 2.0929107040434936e-05 910
1656678293423 2.408861557146036e-05 911
1656678331694 2.257391439697276e-05 912
1656678378106 2.1797450999061496e-05 913
1656678424758 2.055171387216337e-05 914
1656678477021 2.2057867234082096e-05 915
1656678520867 2.4715531617536257e-05 916
1656678567325 2.2524701251303014e-05 917
1656678607873 2.136486933945747e-05 918
1656678651978 2.6386965260694062e-05 919
1656678690393 2.7140421955507144e-05 920
1656678733570 3.058381678122668e-05 921
1656678778129 2.8599743418400436e-05 922
1656678822086 2.6295310573853925e-05 923
1656678868379 3.228882674832789e-05 924
1656678914459 2.9358863855799555e-05 925
1656678958941 3.011384314000054e-05 926
1656679001902 3.037393278759737e-05 927
1656679048190 3.162379596488574e-05 928
1656679087909 2.9046090070927733e-05 929
1656679133055 3.259955930290381e-05 930
1656679170001 3.049675213273595e-05 931
1656679217907 2.821944389119757e-05 932
1656679270726 2.8071072577184886e-05 933
1656679313930 3.0418284261646278e-05 934
1656679360780 3.120494174047028e-05 935
1656679401330 3.5103995895902074e-05 936
1656679449344 3.283055259106771e-05 937
1656679494793 3.3630351939706316e-05 938
1656679548364 3.517754224602321e-05 939
1656679601421 3.637587218874305e-05 940
1656679636342 3.3430841887560625e-05 941
1656679673407 3.97129885630898e-05 942
1656679714898 3.966086652507084e-05 943
1656679761720 4.2598419296324685e-05 944
1656679812512 4.120584415623352e-05 945
1656679854367 4.512132596834473e-05 946
1656679897395 4.199202339238983e-05 947
1656679945880 4.4931468110576134e-05 948
1656679991456 4.869192798007127e-05 949
1656680034295 4.6422219929898034e-05 950
1656680074530 4.427851037958064e-05 951
1656680122690 4.862625590795755e-05 952
1656680176463 4.5392657069154296e-05 953
1656680218429 4.4651377901883116e-05 954
1656680260274 4.1957828282979115e-05 955
1656680298474 3.9856123713266634e-05 956
1656680338566 4.387493147461896e-05 957
1656680380604 4.1132106789687484e-05 958
1656680423724 4.8325780636071514e-05 959
1656682511654 4.8098120888018236e-05 960
1656682550192 4.460509484749409e-05 961
1656682594044 4.754287601471674e-05 962
1656682636868 4.5974918054692004e-05 963
1656682675268 4.884358366574748e-05 964
1656682722220 5.4231860912135055e-05 965
1656682774423 5.073073574390907e-05 966
1656682838091 5.882970748860572e-05 967
1656682883936 5.847500688793694e-05 968
1656682929021 5.630289556279866e-05 969
1656682985817 5.978334752920755e-05 970
1656683038544 5.658168788502671e-05 971
1656683093389 5.768870949718341e-05 972
1656683139758 6.224206545679678e-05 973
1656683195621 6.019287113756544e-05 974
1656683250719 5.777107419835392e-05 975
1656683344120 6.240210911934163e-05 976
1656683398761 6.190081070756026e-05 977
1656683467943 6.487929793530522e-05 978
1656683521115 6.1028176085553554e-05 979
1656683581031 6.472334848095507e-05 980
1656683644220 6.443023595037456e-05 981
1656683705630 6.952132222504126e-05 982
1656683803305 7.813273753942696e-05 983
1656683863701 8.29866353826425e-05 984
1656683931913 8.232997020052313e-05 985
1656684009435 8.120608464590173e-05 986
1656684078391 7.896367825599437e-05 987
1656684137286 7.580284174146801e-05 988
1656684198181 7.014771479940674e-05 989
1656684284705 6.978294147752528e-05 990
1656684354242 7.286334918554793e-05 991
1656684416242 7.624085288848725e-05 992
1656684482433 7.580194355438774e-05 993
1656684534310 7.529234353476078e-05 994
1656684596267 8.012687078751135e-05 995
1656684658688 8.152465740962622e-05 996
1656684745395 8.675928437418268e-05 997
1656684808756 8.476758136322093e-05 998
1656684869154 8.227436137808741e-05 999
