1656636737130 7.198982953234884 0
1656636759611 1.2257333265214103 1
1656636802114 0.40056076243049327 2
1656636852993 0.5115450259092974 3
1656636932431 0.43844631403672607 4
1656636981896 0.29098129934859346 5
1656637022586 0.21077367185520945 6
1656637077162 0.06048504454074589 7
1656637144029 0.029844514792612742 8
1656637220066 0.0037213001651119704 9
1656637283709 0.006247794613211672 10
1656637347297 0.024103750254337787 11
1656637420459 0.00758571370428678 12
1656637561869 0.0019490349029131918 13
1656637640523 0.00690156014269371 14
1656637709309 0.0013935733257576717 15
1656637770797 0 16
1656637828167 0.0007935453539898198 17
1656637891844 0 18
1656637945893 0.03882898662599618 19
1656638010736 0.04854717880652737 20
1656638107640 0.02033979407566185 21
1656638238161 0.061321290805179354 22
1656638315307 0.04612253210404401 23
1656638383438 0.004138277666964977 24
1656638448079 0.02347555303058389 25
1656638522417 0.015424763082897775 26
1656638596331 0 27
1656638704581 0.01559007244099704 28
1656638837563 0.002110349635264617 29
1656638917428 0.00806796776823176 30
1656638994998 0.005109432728303057 31
1656639053080 0.0029289642488565908 32
1656639102811 0.01036089186896462 33
1656639162072 0.009442210645478804 34
1656639266492 0.01414934451926518 35
1656639369879 0.009277991177413979 36
1656639449308 0.009049535100351034 37
1656639516464 0.01508869323571219 38
1656639627694 0.010011220316440767 39
1656639722330 0.0009230642436946684 40
1656639787336 0.003810633711343738 41
1656639861555 0.005382965113733984 42
1656639971117 0.003836497814897425 43
1656640050019 0.0033730652066822717 44
1656640128030 0 45
1656640220018 0.002511091668365466 46
1656640300175 0 47
1656640368468 0.000403632816917269 48
1656640439812 0.00040405048411978786 49
1656640527416 0.0004111706356991409 50
1656640600403 0.00032363517534357393 51
1656640664743 0.00044960009172951404 52
1656640720065 0.000581072023075098 53
1656640800104 0.0006255275514550959 54
1656640880421 0.0006479994535740143 55
1656640960992 0 56
1656641075886 0.0008506122912111075 57
1656641149302 0.0007737025636652649 58
1656641206823 0.0005142272018182244 59
1656641253983 0 60
1656641308426 0.00024165558363659317 61
1656641352271 0.0005110306021015474 62
1656641402727 0.00024818936067493827 63
1656641443793 0.0001724015569726789 64
1656641482319 0.00016663400318212094 65
1656641521390 0 66
1656641561183 0.0002698701686536829 67
1656641602273 0.00022618009413461707 68
1656641642618 0 69
1656641683249 0 70
1656641721073 0.0007603468777574766 71
1656641766690 0.00016045223926552867 72
1656641806972 9.240391666949684e-05 73
1656641846226 6.602881905112975e-05 74
1656641884479 0.0005375801770376253 75
1656641929453 0.00040249015443851734 76
1656641966633 0 77
1656642012336 0.00012703756459628355 78
1656642055598 0 79
1656642097979 0 80
1656642142513 0.00015859674851521574 81
1656642182108 0.00017508956175493035 82
1656642225718 0.00020781266602732838 83
1656642274402 0.0006610791495249266 84
1656642315147 0.000718230070107835 85
1656642356801 0 86
1656642396886 0.00014571123589048778 87
1656642438462 0 88
1656642478214 0.00018025311100137488 89
1656642513223 0 90
1656642551540 0 91
1656642595771 0.00010595911652016925 92
1656642638182 0.00011202294865211696 93
1656642680953 0.00011751535012581257 94
1656642732042 0.00013349049230227165 95
1656642773165 0.00014089925375407005 96
1656642814793 0 97
1656642853123 5.771730631625501e-05 98
1656642889761 2.92681306634005e-05 99
1656642932044 0 100
1656642977487 0.00038890580544110914 101
1656643022832 0.0004796801020886122 102
1656643077959 0.00037015675276176586 103
1656643126323 0.0003658257703539052 104
1656643174588 0.00022410918689655737 105
1656643220705 0.0002556696248420581 106
1656643266647 0.0005599135216121497 107
1656643320373 0.000984326040002923 108
1656643371189 0.0007622770008041079 109
1656643421889 0.0007947342513234797 110
1656643475138 0.000717490347607423 111
1656643527429 0.0007771558520186924 112
1656643574617 0.00048387268287859416 113
1656643615276 0.000489295772818753 114
1656643660353 0.0006922164179362555 115
1656643714164 0.0006246057188850794 116
1656643765283 0.000530779427400509 117
1656643812426 0.0005903737900758447 118
1656643862653 0.0005886035320607896 119
1656643907926 0.000530809976162442 120
1656643955235 0 121
1656644002084 0.0004070743358656399 122
1656644054530 0.0003648972912761899 123
1656644104863 0.00040274326236393776 124
1656644153293 0.0004241836822185699 125
1656644200389 0.00027998800777000676 126
1656644244938 0 127
1656644291827 0.00024257757341724273 128
1656644338627 0.0002473028697352513 129
1656644389454 0.00041543750484205634 130
1656644441411 0.00035704830899055233 131
1656644490368 0.00040234710150216426 132
1656644536556 0.00041603227701400114 133
1656644587713 0.0004124448356158006 134
1656644634070 0 135
1656644682598 0.0004022562453547575 136
1656644729066 0.00040166454021119146 137
1656644781080 0.0004442077206340783 138
1656644834976 0 139
1656644885592 0 140
1656644932883 0.0004565557644641981 141
1656644979571 0.0005388107087965928 142
1656645026551 0 143
1656645073564 0.00042189359387037086 144
1656645118567 0 145
1656645165213 0 146
1656645216816 0.0008125819626935522 147
1656645271417 0.0008383322549279145 148
1656645319919 0.0007178921596904882 149
1656645366411 0.0005497160649005507 150
1656645416826 0 151
1656645458701 0 152
1656645506971 0.00038518184821061704 153
1656645562352 0.00035148720935521973 154
1656645613238 0.00037060869471447293 155
1656645667356 0.00034126377247244806 156
1656645717987 0.00032853316658317845 157
1656645765897 0 158
1656645819047 0 159
1656645864538 0.0003170269383511971 160
1656645912802 0 161
1656645963067 0.0002335638373178535 162
1656646006567 0.00023907491849988654 163
1656646052248 0 164
1656646097498 0.0002021041780289174 165
1656646144267 0.0002224504832732553 166
1656646198141 0 167
1656646247758 0.00023371270933473859 168
1656646296949 0.00032453674241445267 169
1656646343708 0.0003479601129095188 170
1656646391129 0.0003893838735909549 171
1656646436735 0.00034134132228292387 172
1656646484292 0 173
1656646529885 0.00031503652523268144 174
1656646572770 0.00020574738663489125 175
1656646616242 0.000289302360136989 176
1656646659146 0 177
1656646702777 0.00030236744999426646 178
1656646745920 0.0003489635471596085 179
1656646791084 0.000273057293943457 180
1656646835598 0.00033490114560469635 181
1656646881089 0.00031722298452295126 182
1656646926017 0.00038828491348100874 183
1656646973205 0.0004104403747643953 184
1656647019671 0 185
1656647066394 0.00037504320233568795 186
1656647114195 0 187
1656647157833 0.0003834470542834489 188
1656647209435 0.0003765015980851851 189
1656647251344 0.0003530215330763643 190
1656647301292 0.0003361044109269418 191
1656647350308 0.00026850884621134143 192
1656647397732 0.0003169081668893507 193
1656647452657 0.0003200349853519379 194
1656647493829 0.0003176956297905524 195
1656647536804 0 196
1656647582713 0.00010946319997201135 197
1656647626644 0.00014685414773112776 198
1656647672798 0 199
1656647710256 0 200
1656647752352 0 201
1656647796727 8.653657359715384e-05 202
1656647834896 3.908242480983636e-05 203
1656647874812 0 204
1656647919686 0 205
1656647963924 0.00012898173106902066 206
1656648008521 0 207
1656648056719 0.00020544782171209408 208
1656648109581 0.000194435022433939 209
1656648151813 0 210
1656648197255 0 211
1656648246155 0 212
1656648291793 0 213
1656648340578 0 214
1656648387822 0 215
1656648432124 0 216
1656648479840 0 217
1656648526344 0 218
1656648573876 0 219
1656648619142 0 220
1656648668242 0 221
1656648720811 0 222
1656648769425 0 223
1656648816461 0.00025108977949735807 224
1656648862529 0.0002507050565241863 225
1656648911924 0.00029593746776345625 226
1656648958539 0.0002665703672025401 227
1656649007913 0.00034802190917529864 228
1656649054926 0.00033329554048997217 229
1656649103505 0.0002693861728055773 230
1656649151768 0 231
1656649203563 0 232
1656649252269 0 233
1656649299423 0 234
1656649351771 0 235
1656649400256 0 236
1656649445274 0 237
1656649488855 0 238
1656649535792 0 239
1656649586204 0 240
1656649640369 0 241
1656649684402 0 242
1656649734467 0 243
1656649784484 0 244
1656649837064 0 245
1656649885789 0 246
1656649937755 0 247
1656649986258 0 248
1656650035913 0 249
1656650081605 0 250
1656650124001 0 251
1656650171613 0 252
1656650219267 0.0001971257873330896 253
1656650270767 0.00023293023722830396 254
1656650316695 0 255
1656650362437 0.00010600396967210294 256
1656650401721 0.00021719205451309646 257
1656650444791 0.0001735519715628615 258
1656650487582 0 259
1656650532786 0 260
1656650578652 0.0001418563854147163 261
1656650630570 0.00012774152333362037 262
1656650678633 0 263
1656650724347 0.00016515246065257035 264
1656650771268 8.804347644895375e-05 265
1656650821422 8.541022194289436e-05 266
1656650870480 5.944861396809807e-05 267
1656650914557 7.598491549166975e-05 268
1656650960649 1.5847576856243151e-06 269
1656651002347 2.4725228145628438e-05 270
1656651048388 1.3660824320890167e-05 271
1656651086117 2.448091978461686e-06 272
1656651128157 0 273
1656651172635 0 274
1656651217412 0 275
1656651255861 0 276
1656651295725 0 277
1656651336055 0 278
1656651374303 0 279
1656651420854 0 280
1656651458373 0 281
1656651501796 0 282
1656651546247 0 283
1656651588656 0 284
1656651631990 0 285
1656651675828 0 286
1656651719239 0 287
1656651759541 0 288
1656651793113 0 289
1656651831184 0 290
1656651872081 0 291
1656651913265 0 292
1656651959427 0 293
1656652001332 0 294
1656652044471 0 295
1656652094556 0 296
1656652137626 0 297
1656652181171 0 298
1656652219456 0 299
1656652267302 0 300
1656652309265 0 301
1656652349247 0 302
1656652392201 0 303
1656652432763 0 304
1656652476595 0 305
1656652514962 0 306
1656652550832 0 307
1656652588996 0 308
1656652631092 0 309
1656652670875 0 310
1656652715498 0 311
1656652756561 0 312
1656652794154 0 313
1656652829733 0 314
1656652863651 0 315
1656652899338 0 316
1656652939780 0 317
1656652982448 0.000460069972672163 318
1656653018878 0 319
1656653055272 0 320
1656653098638 0.0005856531638698453 321
1656653137816 0 322
1656653186877 0 323
1656653227906 0 324
1656653263317 0.000552972452040131 325
1656653301936 0 326
1656653339863 0 327
1656653383768 0 328
1656653430404 0 329
1656653466578 0 330
1656653510223 0 331
1656653548884 0 332
1656653589031 0 333
1656653630391 0 334
1656653672516 0 335
1656653710358 0 336
1656653752017 0 337
1656653795291 0 338
1656653840053 0 339
1656653879826 0 340
1656653918488 0 341
1656653960346 0 342
1656654000293 0 343
1656654041103 0 344
1656654078802 0 345
1656654119894 0 346
1656654163510 0 347
1656654202475 0 348
1656654241508 0 349
1656654285861 0 350
1656654325301 0 351
1656654366733 0 352
1656654408700 0.000499831113390681 353
1656654446161 0 354
1656654485281 0 355
1656654525914 0 356
1656654566504 0 357
1656654606530 0 358
1656654645535 0 359
1656654689005 0 360
1656654728726 0 361
1656654769205 0 362
1656654814003 0 363
1656654854677 0 364
1656654895302 0 365
1656654938438 0 366
1656654981527 0 367
1656655019962 0 368
1656655061559 0 369
1656655102352 0 370
1656655145027 0 371
1656655183414 0 372
1656655223167 0 373
1656655269314 0 374
1656655318263 0 375
1656655360380 0 376
1656655401671 0 377
1656655453638 0 378
1656655499680 0 379
1656655546892 0 380
1656655594673 0 381
1656655639105 0 382
1656655687402 0 383
1656655731832 0 384
1656655774507 0 385
1656655817457 0 386
1656655861062 0 387
1656655908824 0 388
1656655952283 0 389
1656656001675 0 390
1656656047664 0 391
1656656090291 0 392
1656656137870 0 393
1656656179030 0 394
1656656219886 0 395
1656656259326 0 396
1656656308143 0 397
1656656350425 1.1914515603833739e-05 398
1656656394418 1.5637739481497073e-05 399
1656656433031 0 400
1656656476431 0 401
1656656520308 0 402
1656656557598 0 403
1656656595039 4.571938898853718e-06 404
1656656633371 0 405
1656656678924 2.2241282012587862e-05 406
1656656717105 8.92086811840262e-06 407
1656656755921 5.0884520460883764e-06 408
1656656793784 0 409
1656656836119 0 410
1656656880297 0 411
1656656923511 0 412
1656656963362 0 413
1656657002556 0 414
1656657047668 0 415
1656657085089 0 416
1656657127434 0 417
1656657172342 0 418
1656657215021 5.481536541457202e-06 419
1656657255781 0 420
1656657298718 9.717863894356023e-06 421
1656657339252 1.3553014043002354e-05 422
1656657389962 0 423
1656657431951 0 424
1656657472793 0 425
1656657511287 0 426
1656657554822 0 427
1656657595391 0 428
1656657640684 0 429
1656657682098 0 430
1656657721028 0 431
1656657762712 0 432
1656657803729 0 433
1656657853341 4.147285784721977e-05 434
1656657899666 3.7831052351962064e-05 435
1656657938986 3.6646359869042106e-05 436
1656657978630 0 437
1656658022896 0 438
1656658067540 0 439
1656658112061 0 440
1656658155171 0 441
1656658195585 0 442
1656658235417 0 443
1656658275237 0 444
1656658320476 0 445
1656658367522 0 446
1656658416388 0 447
1656658455927 0 448
1656658497570 0 449
1656658536071 0 450
1656658575446 0 451
1656658616759 1.3659956326810344e-06 452
1656658660341 0 453
1656658698101 0 454
1656658740626 0 455
1656658783615 0 456
1656658825474 0 457
1656658869702 0 458
1656658912395 0 459
1656658961584 0 460
1656659003406 0 461
1656659046326 0 462
1656659087785 0 463
1656659135642 3.879249494090657e-05 464
1656659176861 0 465
1656659214822 0 466
1656659253875 0 467
1656659298724 0.00010112389403035501 468
1656659344903 0 469
1656659389768 0 470
1656659430986 0 471
1656659480243 0 472
1656659525203 0 473
1656659571081 0 474
1656659618102 0 475
1656659661171 0 476
1656659698200 0 477
1656659742889 9.057551293563783e-06 478
1656659786742 0 479
1656659825368 0 480
1656659869808 8.69566123373462e-06 481
1656659916398 0 482
1656659960831 0 483
1656659996871 0 484
1656660037280 9.809444870960459e-05 485
1656660075326 0 486
1656660126034 0 487
1656660167105 0 488
1656660212401 1.6645778948231466e-05 489
1656660252298 2.659966433379195e-06 490
1656660294353 0 491
1656660335104 0 492
1656660374950 1.5250963393755252e-05 493
1656660414730 3.182265538690006e-07 494
1656660452197 0 495
1656660492582 0 496
1656660536137 0 497
1656660585061 0 498
1656660634629 0 499
1656660682883 0 500
1656660727783 0 501
1656660767919 0 502
1656660814236 0 503
1656660855976 0 504
1656660904311 0 505
1656660950424 0 506
1656660995780 0 507
1656661041798 0 508
1656661089867 0 509
1656661133198 0 510
1656661176471 0 511
1656661213726 0 512
1656661255353 0 513
1656661296706 0 514
1656661334140 0 515
1656661378876 2.103259362775181e-05 516
1656661416561 2.7194027047387683e-05 517
1656661460746 1.4840288729030173e-05 518
1656661502227 5.67658236553237e-05 519
1656661544165 6.309063282302382e-05 520
1656661586165 0 521
1656661624203 0 522
1656661664861 6.786674460297214e-05 523
1656661709471 7.23036718814035e-05 524
1656661747134 0 525
1656661788271 0 526
1656661836698 0.00010342136688409713 527
1656661884663 0.00011318275604530522 528
1656661928651 0.00010984333157803639 529
1656661973935 9.822083879545106e-05 530
1656662021516 9.531109490046167e-05 531
1656662063438 0.00012446280740871637 532
1656662109232 0.00012934288894568286 533
1656662154350 0.0001195860511569891 534
1656662199825 0.00010718874475966001 535
1656662248911 0.00010066692426950546 536
1656662294722 0.00010940258508328367 537
1656662342422 0 538
1656662385139 7.278375639976063e-05 539
1656662428843 7.160349070881684e-05 540
1656662473176 7.868401536905312e-05 541
1656662518766 5.132600927872772e-05 542
1656662560621 4.718052971517273e-05 543
1656662597858 3.52800121203214e-05 544
1656662638842 3.061465415239435e-05 545
1656662673236 3.4577222069204216e-05 546
1656662712318 0 547
1656662755281 0 548
1656662794321 4.9547046495984626e-05 549
1656662829491 0 550
1656662871910 6.059016397623072e-05 551
1656662908305 0 552
1656662950954 5.9057670009925525e-05 553
1656662992709 6.100425804192629e-05 554
1656663035793 5.355520571564227e-05 555
1656663074826 0 556
1656663116235 7.847840947827409e-05 557
1656663157712 7.556055753413032e-05 558
1656663203506 7.822503474064408e-05 559
1656663250239 7.535807001115852e-05 560
1656663296742 4.9375446697874376e-05 561
1656663334562 0 562
1656663375073 5.2745099099112255e-05 563
1656663413777 0 564
1656663457604 7.1132913327966e-05 565
1656663499494 8.707918873678716e-05 566
1656663544011 9.924425521649731e-05 567
1656663583686 9.398623441409415e-05 568
1656663629344 9.856735998344489e-05 569
1656663670582 5.8689211752701535e-05 570
1656663706340 5.035992212210896e-05 571
1656663746572 3.523586322055558e-05 572
1656663788812 0 573
1656663833739 4.674629067938688e-05 574
1656663873075 0 575
1656663919194 2.8409291098535974e-05 576
1656663960807 0 577
1656664000082 4.0275790713096334e-05 578
1656664046904 3.17202344060337e-05 579
1656664084768 4.5111163559064535e-05 580
1656664126150 3.642717720757252e-05 581
1656664167319 2.8715236845331445e-05 582
1656664209984 2.4480519707912674e-05 583
1656664249355 2.725900450632453e-05 584
1656664293023 3.089321169591659e-05 585
1656664336033 3.628214009713691e-06 586
1656664374276 0 587
1656664417375 0 588
1656664463054 0 589
1656664499920 0 590
1656664542915 0 591
1656664585023 0 592
1656664628644 2.519443115880319e-05 593
1656664666634 0 594
1656664710173 0 595
1656664752883 0 596
1656664794850 0 597
1656664829647 0 598
1656664869535 0 599
1656664916824 0 600
1656664962425 0 601
1656665002734 0 602
1656665045403 0 603
1656665084708 5.6670664307346096e-06 604
1656665127433 0 605
1656665163043 0 606
1656665203346 0 607
1656665247915 0 608
1656665288311 0 609
1656665326498 0 610
1656665369459 0 611
1656665412125 0 612
1656665450859 0 613
1656665492986 0 614
1656665536511 0 615
1656665575391 0 616
1656665616789 0 617
1656665661221 0 618
1656665703741 0 619
1656665742737 0 620
1656665786862 0 621
1656665840008 0 622
1656665881448 0 623
1656665923716 0 624
1656665966930 0 625
1656666012362 0 626
1656666053091 0 627
1656666096433 0 628
1656666133283 0 629
1656666174512 0 630
1656666216606 0 631
1656666254973 0 632
1656666299014 0 633
1656666344130 0 634
1656666387779 0 635
1656666437999 0 636
1656666483503 0 637
1656666529812 0 638
1656666576234 0 639
1656666625963 0 640
1656666670351 0 641
1656666718072 0 642
1656666760345 0 643
1656666804109 0 644
1656666845556 0 645
1656666892578 0 646
1656666940436 0 647
1656666988799 0 648
1656667032555 0 649
1656667076359 0 650
1656667120131 0 651
1656667165759 0 652
1656667213869 0 653
1656667259231 0 654
1656667311213 0 655
1656667355210 0 656
1656667397377 0 657
1656667445566 0 658
1656667484952 0 659
1656667526116 0 660
1656667566107 0 661
1656667614681 0 662
1656667658317 0 663
1656667705545 0 664
1656667749291 0 665
1656667793823 0 666
1656667843938 0 667
1656667881986 0 668
1656667928048 0 669
1656667972724 0 670
1656668008897 0 671
1656668058960 0 672
1656668104667 0 673
1656668155319 0 674
1656668201428 0 675
1656668251786 0 676
1656668303191 0 677
1656668348919 0 678
1656668395369 0 679
1656668442500 0 680
1656668485788 0 681
1656668531452 0 682
1656668573690 0 683
1656668615653 0 684
1656668662054 0 685
1656668706332 0 686
1656668754872 0.0011002047928664466 687
1656668802822 0 688
1656668848955 0 689
1656668895408 0 690
1656668936602 0 691
1656668978900 0 692
1656669024094 0 693
1656669066339 0 694
1656669111898 0 695
1656669157611 0 696
1656669195636 0 697
1656669237403 0 698
1656669285051 0 699
1656669331464 0 700
1656669375623 0 701
1656669421640 0 702
1656669466509 0 703
1656669510249 0 704
1656669550163 0 705
1656669591806 0 706
1656669632984 0 707
1656669672798 0 708
1656669716382 0 709
1656669765029 0 710
1656669810579 0 711
1656669861235 0 712
1656669913286 0 713
1656669952600 0 714
1656669997277 0 715
1656670042091 0 716
1656670087133 0 717
1656670126089 0 718
1656670168538 0 719
1656670207745 0 720
1656670246463 0 721
1656670288654 0 722
1656670330627 0 723
1656670373229 0 724
1656670410232 0 725
1656670450522 0 726
1656670488496 0 727
1656670522019 0 728
1656670561790 0 729
1656670604786 0 730
1656670645497 0 731
1656670684624 0 732
1656670717621 0 733
1656670758253 0 734
1656670794037 0 735
1656670833062 0 736
1656670871974 0 737
1656670916169 0 738
1656670953042 0 739
1656670995362 0 740
1656671037195 0 741
1656671075589 0 742
1656671108985 0 743
1656671151395 0 744
1656671195281 0 745
1656671234062 0 746
1656671275128 0 747
1656671321386 0 748
1656671367047 0 749
1656671411559 0 750
1656671452593 0 751
1656671494728 0.00011693120883274279 752
1656671534438 0 753
1656671574762 0 754
1656671615693 0 755
1656671656671 0 756
1656671695774 0 757
1656671734675 0 758
1656671776323 0 759
1656671814752 0 760
1656671858250 0 761
1656671903650 0 762
1656671949218 0 763
1656671987554 0 764
1656672032320 0 765
1656672075920 0 766
1656672118693 0 767
1656672157449 0 768
1656672200047 3.082933474627108e-05 769
1656672239423 0 770
1656672279355 0 771
1656672320140 0 772
1656672361003 0 773
1656672400638 0 774
1656672442173 0 775
1656672483240 0 776
1656672521457 0 777
1656672561950 0 778
1656672605431 0 779
1656672645759 0 780
1656672686727 0 781
1656672726676 0 782
1656672768020 0 783
1656672807572 0 784
1656672851268 0 785
1656672889003 0 786
1656672935992 0 787
1656672984680 0 788
1656673025399 0 789
1656673069973 0 790
1656673114470 0 791
1656673161110 0 792
1656673204709 0 793
1656673247910 0 794
1656673291741 0 795
1656673337857 0 796
1656673386104 0 797
1656673431286 0 798
1656673480852 0.00015400822741615662 799
1656673519709 0 800
1656673567462 0 801
1656673612936 0 802
1656673653935 0 803
1656673700346 0 804
1656673743121 0 805
1656673788581 0.00017667593193658525 806
1656673832178 0 807
1656673879553 0 808
1656673925338 0 809
1656673969368 0 810
1656674010230 0 811
1656674052114 0 812
1656674100784 0 813
1656674152321 0 814
1656674199078 0 815
1656674239672 0 816
1656674286222 0 817
1656674328885 0 818
1656674375567 0 819
1656674418197 0 820
1656674463690 0 821
1656674513362 0 822
1656674555401 0 823
1656674596614 0 824
1656674640359 0 825
1656674685992 0 826
1656674730230 0 827
1656674782610 0 828
1656674831414 0 829
1656674878929 0 830
1656674930181 0 831
1656674974082 0 832
1656675023943 0 833
1656675075066 0 834
1656675124076 0 835
1656675173761 0.0001499737410446346 836
1656675218278 0 837
1656675264103 0 838
1656675311585 0 839
1656675352437 0 840
1656675388903 0 841
1656675434988 0 842
1656675477894 0 843
1656675517023 0 844
1656675562605 0 845
1656675606623 0 846
1656675647167 0 847
1656675683747 0 848
1656675723320 0 849
1656675766886 0 850
1656675809667 0 851
1656675850971 0 852
1656675890906 0 853
1656675927047 0 854
1656675969122 0 855
1656676013411 0 856
1656676051298 0 857
1656676093893 3.426081901240405e-05 858
1656676135105 2.896853479615667e-05 859
1656676175275 0 860
1656676213341 0 861
1656676257373 0 862
1656676295778 0 863
1656676335719 0 864
1656676378882 0 865
1656676424226 0 866
1656676464122 0 867
1656676511076 0 868
1656676554787 0 869
1656676600180 0 870
1656676644054 0 871
1656676686873 0 872
1656676732883 0 873
1656676772220 0 874
1656676815082 0 875
1656676855921 0 876
1656676903882 0 877
1656676943690 2.5587828009925907e-06 878
1656676990421 6.622293094790156e-06 879
1656677035146 1.71786073998436e-05 880
1656677075768 1.250650390621907e-05 881
1656677111744 0 882
1656677144540 0 883
1656677184851 0 884
1656677225091 0 885
1656677263762 1.2240253563748724e-05 886
1656677302766 0 887
1656677340421 0 888
1656677377958 2.103303277537546e-05 889
1656677422412 1.2562738405090795e-05 890
1656677462508 0 891
1656677505806 0 892
1656677551276 0 893
1656677588914 0 894
1656677625310 0 895
1656677662259 0 896
1656677703892 0 897
1656677746999 0 898
1656677785394 0 899
1656677822876 3.3755871169792884e-06 900
1656677862404 0 901
1656677909409 0 902
1656677946576 0.0010609705749361868 903
1656677990175 0 904
1656678032702 0 905
1656678075591 0 906
1656678118379 0 907
1656678161175 0 908
1656678208919 0 909
1656678249875 0 910
1656678293422 0 911
1656678331692 0 912
1656678378105 0 913
1656678424757 0 914
1656678477019 0 915
1656678520866 0 916
1656678567324 0 917
1656678607871 0 918
1656678651977 0 919
1656678690391 0 920
1656678733569 0 921
1656678778128 0 922
1656678822084 0 923
1656678868377 0 924
1656678914458 0 925
1656678958940 0 926
1656679001900 0 927
1656679048188 0 928
1656679087908 0 929
1656679133054 0 930
1656679169999 0 931
1656679217906 0 932
1656679270725 0 933
1656679313929 0 934
1656679360779 0 935
1656679401329 0 936
1656679449343 0 937
1656679494791 0 938
1656679548363 0 939
1656679601420 0 940
1656679636341 0 941
1656679673405 0 942
1656679714896 0 943
1656679761718 0 944
1656679812510 0 945
1656679854366 0 946
1656679897393 0 947
1656679945878 0.00016080514886482062 948
1656679991455 0 949
1656680034294 0 950
1656680074528 0 951
1656680122688 0 952
1656680176462 0 953
1656680218427 0 954
1656680260272 0 955
1656680298473 0 956
1656680338564 0 957
1656680380602 0 958
1656680423723 0 959
1656682511653 0 960
1656682550190 0 961
1656682594043 0 962
1656682636867 0 963
1656682675267 0 964
1656682722218 0 965
1656682774421 0 966
1656682838089 0 967
1656682883935 0 968
1656682929020 0 969
1656682985815 0 970
1656683038543 0 971
1656683093388 0.00018456403087150752 972
1656683139757 0 973
1656683195620 0 974
1656683250718 0 975
1656683344118 0 976
1656683398760 0 977
1656683467941 0 978
1656683521113 0 979
1656683581029 0 980
1656683644218 0 981
1656683705629 0 982
1656683803303 0 983
1656683863699 0 984
1656683931911 0.0011625688781667944 985
1656684009433 0 986
1656684078389 0 987
1656684137285 0 988
1656684198180 0 989
1656684284702 0 990
1656684354240 0 991
1656684416240 0 992
1656684482431 0 993
1656684534308 0 994
1656684596266 0 995
1656684658687 0 996
1656684745393 0 997
1656684808754 0 998
1656684869152 0 999
