1656537573781 0.9920635385805421 0
1656537627501 0.9620290908384049 1
1656537682330 0.9620291319660869 2
1656537752436 0.8954322191856625 3
1656537810424 1.2008252382990074 4
1656537941691 1.2008249597058485 5
1656537982989 1.2008249602104935 6
1656538020425 1.2008250599015442 7
1656538055223 1.1735513730139384 8
1656538095157 1.1735513730139384 9
1656538189632 1.1735513730139384 10
1656538230163 1.1735513730139384 11
1656538266316 1.1697505562709982 12
1656538304735 1.1697505562709982 13
1656538347154 1.1697505562709982 14
1656538462987 1.1697505562709982 15
1656538503646 1.1540138685109769 16
1656538547507 1.1436601797817407 17
1656538588639 1.1436601797753676 18
1656538647773 1.1436601797753676 19
1656538804017 1.1436601797753676 20
1656538858716 1.1436601797753676 21
1656538913785 1.1436601797753676 22
1656538964626 1.1436601797753676 23
1656539017243 1.1436601797753676 24
1656539177020 1.1436601797753676 25
1656539221961 1.0317547271201057 26
1656539283574 1.0269616253336051 27
1656539338985 1.0269616269065562 28
1656539393079 1.0269616269065562 29
1656539559470 1.0269616271567892 30
1656539611932 1.0144149407282859 31
1656539667935 1.0144149407282859 32
1656539729206 1.0144149407282859 33
1656539789030 1.0144149407282859 34
