1656537573780 -0.0018756661110639913 0
1656537627500 0.8703381088705674 1
1656537682329 0.8731693118004246 2
1656537752435 0.39040058296483726 3
1656537810423 2.4315575062840273 4
1656537941690 0.740272921715987 5
1656537982987 1.01948514801649 6
1656538020424 1.019617041312334 7
1656538055222 1.0111657933339089 8
1656538095156 1.0188072089095268 9
1656538189631 0.7136077584157708 10
1656538230162 2.4284571210632877 11
1656538266315 0.6019468039600185 12
1656538304733 2.0506096332950885 13
1656538347153 0.528318332870773 14
1656538462985 2.0420529685271736 15
1656538503644 1.0184912623664082 16
1656538547506 0.7417451648948944 17
1656538588638 1.0195692457844157 18
1656538647772 0.5245053357378411 19
1656538804016 1.0196700581181688 20
1656538858715 0.3837162158612553 21
1656538913784 0.40228540712343275 22
1656538964625 1.0192604946870467 23
1656539017242 1.0195692453687928 24
1656539177018 2.039837248361463 25
1656539221960 0.6026845487734891 26
1656539283573 1.0192155702402632 27
1656539338984 1.1634234580304337 28
1656539393078 0.7060191260351962 29
1656539559469 1.0195975619048807 30
1656539611931 1.0195978737423064 31
1656539667934 0.37473953806205323 32
1656539729205 0.36719547615493736 33
1656539789029 0.8583803294152647 34
