1656610355720 1.188899454328513 0
1656610372563 0.45243329447907743 1
1656610402112 0.3568124363337709 2
1656610447874 0.3144787047720229 3
1656610490068 0.34738836845115395 4
1656610625671 0.28848722032665797 5
1656610684388 0.3954412046068788 6
1656610747391 0.4181563267756493 7
1656610826179 0.42531114326362685 8
1656610895636 0.4269497975484843 9
1656611066827 0.3730589864753784 10
1656611120684 0.3840417900081492 11
1656611174846 0.24187501966869962 12
1656611232492 0.2612647434978749 13
1656611285494 0.2777296218277613 14
1656611414347 0.18986907922642415 15
1656611473782 0.24740750673095124 16
1656611528810 0.17091194202499393 17
1656611587047 0.17944598482957264 18
1656611647281 0.21355548626511556 19
1656611803935 0.43699917630995433 20
