1656610355718 1.0196468533912026 0
1656610372562 1.019629296055278 1
1656610402111 1.019577492133784 2
1656610447873 0.03538089571672573 3
1656610490067 0.6260571702705193 4
1656610625670 0.6255162280587278 5
1656610684386 0.42370585370538977 6
1656610747390 0.04537096858512287 7
1656610826177 0.3803942515736842 8
1656610895634 0.3469464935575852 9
1656611066826 0.3748216148919701 10
1656611120683 0.4692059967614861 11
1656611174845 0.0013751841792944944 12
1656611232490 0.0030841336333313997 13
1656611285493 0.0018482275931632833 14
1656611414346 0.0019031444903993252 15
1656611473781 0.0013735358238972607 16
1656611528809 -0.0006504470451703756 17
1656611587046 -0.0004506686008450417 18
1656611647280 0.023052226357595774 19
1656611803933 1.0518505887707683 20
