1656621066063 0.811100524915001 0
1656621134920 0.5363551763520505 1
1656621200206 0.6057572521530239 2
1656621265080 0.6379859970155182 3
1656621333750 0.749287910804098 4
1656621477307 0.5796516976225927 5
1656621551478 0.8326321526874939 6
1656621634821 0.8952718615455777 7
1656621714094 0.7911896272010339 8
1656621782285 0.7122662299119888 9
1656621914170 0.5091141089884881 10
1656621979092 0.4474687267131583 11
1656622036107 0.4243939079078701 12
1656622113778 0.42517907250328446 13
1656622177237 0.4065004618244402 14
1656622315200 0.4958095137935785 15
1656622376850 0.30351426137606496 16
1656622435979 0.4065622207404348 17
1656622498210 0.4490110141009288 18
1656622566465 0.48355608776592385 19
1656622714899 0.4352684850166665 20
1656622784103 0.41598011487189535 21
1656622846018 0.30674982434766096 22
1656622901718 0.26875756030041253 23
1656622962905 0.3150895443074144 24
1656627304377 0.3582706213257717 25
1656627368537 0.23867911649251594 26
1656627434572 0.19238842351917884 27
1656627502629 0.2373240328526931 28
1656627573189 0.21477557457055907 29
