1656621066062 0.627025388316382 0
1656621134919 0.6250861993449044 1
1656621200205 0.6313525972201374 2
1656621265079 0.6314720074962951 3
1656621333749 0.5070577693243975 4
1656621477306 0.9208243953519618 5
1656621551477 0.0872505446631571 6
1656621634820 0.15957643172325497 7
1656621714093 0.35657959532477035 8
1656621782284 0.3622724053931084 9
1656621914169 0.3939893759153106 10
1656621979091 0.36602499372445907 11
1656622036106 0.36147694054385254 12
1656622113777 0.35963920820903733 13
1656622177236 0.36654415034918036 14
1656622315199 0.36856384140913007 15
1656622376849 0.37003382171437244 16
1656622435978 0.704489727323813 17
1656622498209 0.40312763213053804 18
1656622566464 0.6905238811475508 19
1656622714898 0.371665245459092 20
1656622784102 0.36906653598179007 21
1656622846017 0.3795871293110103 22
1656622901717 0.05831941476778332 23
1656622962904 0.3587714237579778 24
1656627304376 0.37081252953890553 25
1656627368536 0.35107188546326523 26
1656627434571 0.05604582003056022 27
1656627502627 0.34850291697950725 28
1656627573188 0.3722538146837863 29
