1656607247216 1.2499407848997377 0
1656607255358 1.6236137381729066 1
1656607265515 1.0132751152813435 2
1656607278670 1.1005375473305745 3
1656607300886 1.146662015205675 4
1656607398194 1.1466620212105918 5
1656607428473 1.1466620198796655 6
1656607457698 1.1466620193849804 7
1656607480264 1.1456446425914006 8
1656607519235 0.8542216262668049 9
1656607614754 0.8542216213789449 10
1656607650806 0.8542216723130556 11
1656607684175 0.8819952892600422 12
1656607712218 1.2163371377325067 13
1656607733574 1.2163371658057505 14
1656607817520 1.2163371709332722 15
1656607833830 1.2163371766520201 16
1656607851683 1.2163371797858713 17
1656607867130 1.216337183666242 18
1656607883296 1.2163371803808831 19
1656607953733 1.216337183383849 20
1656607969937 1.216337183384338 21
1656607981486 1.2163273831542594 22
1656608003593 1.0252567656948086 23
1656608024620 1.2698837582930902 24
1656608114453 1.2698839581705152 25
1656608134290 1.2698840195431753 26
1656608188496 1.2698840694905291 27
