1656607247215 1.0196513772638778 0
1656607255357 2.778415059424473 1
1656607265514 1.0196536672058667 2
1656607278669 1.019648957003172 3
1656607300885 1.0195975101052899 4
1656607398193 1.0195975101074175 5
1656607428471 1.0195975100348853 6
1656607457697 1.01959751015369 7
1656607480263 1.0195976257489332 8
1656607519234 1.0196278421938645 9
1656607614753 1.019627842252464 10
1656607650805 1.0196278422816605 11
1656607684174 1.0196522840755962 12
1656607712217 2.778354001923935 13
1656607733573 2.778354001751489 14
1656607817518 2.7783540018101767 15
1656607833829 2.77835400235954 16
1656607851682 2.778354001540751 17
1656607867129 2.778354001806319 18
1656607883295 2.777966772691148 19
1656607953731 2.7783540016379678 20
1656607969936 2.778354001107764 21
1656607981484 2.7783539832821615 22
1656608003592 2.7802798622870157 23
1656608024619 2.7798701463509348 24
1656608114452 2.7798701461705373 25
1656608134289 2.7798701463399285 26
1656608188495 2.7798701457591863 27
