1656429441657 0.733796161397022 0
1656429458092 0.4705723794249834 1
1656429492751 0.6848228825002236 2
1656429552112 0.6713799450573332 3
1656429622525 0.4395563316816592 4
1656429694600 0.3098364984887123 5
1656429759586 0.29585385468606795 6
1656429826991 0.44837357094417507 7
1656429892271 0.28642868628937423 8
1656429960504 0.35431746360614436 9
1656430318070 0.2526213915012915 10
1656430385106 0.1950685521709039 11
1656430447283 0.140725108949029 12
1656430506273 0.06444115903017977 13
1656430564716 0.10022520063452911 14
1656430626031 0.0786051487393129 15
1656430688982 0.02535545217422197 16
1656430751880 0.022765768860737556 17
1656430806759 0.013413057014055707 18
1656430868263 0.03666479874922235 19
1656431134511 0.029344238679110624 20
1656431199258 0.031178869942358745 21
1656431263435 0.033684237800783556 22
1656431319498 0.028638539635416627 23
1656431373663 0.017269498067989608 24
1656431426547 0.009090204735278773 25
1656431480801 0.009715255752578034 26
1656431534472 0.012833157824718167 27
1656431590389 0.01504889630387607 28
1656431651795 0.017800276779528446 29
1656431982256 0.024543328637743778 30
1656432046153 0.01715613717563269 31
1656432102986 0.02550020539715725 32
1656432170466 0.02568284005107002 33
1656432223136 0.03146511694374077 34
1656432277885 0.023102969582272537 35
1656432335590 0.02501817198703582 36
1656432399704 0.016536192160496177 37
1656432462959 0.01070235157920263 38
1656432523408 0.008948878861926968 39
1656432835849 0.013035282148559646 40
1656432897341 0.01303527902471513 41
1656432955387 0.014238412835939296 42
1656433010567 0.01422553978313068 43
1656433059198 0.015286908388734255 44
1656433123600 0.01528690945549338 45
1656433186728 0.007977660396596753 46
1656433245407 0.00982842153438046 47
1656433308666 0.010973956014740383 48
1656433362186 0.010941290750167365 49
1656433665837 0.010941290644404189 50
1656433720153 0.010317325894580787 51
1656433775102 0.011302787990761898 52
1656433830288 0.011265993367179927 53
1656433889001 0.005645423979897979 54
1656433946156 0.005688750135785181 55
1656434008293 0.005575536575477935 56
1656434068552 0.00504266178423618 57
1656434123867 0.004084890111364481 58
1656434175104 0.004136860252911823 59
1656434488009 0.004136860729499481 60
1656434536331 0.004246424555999884 61
1656434590920 0.004273151573341294 62
1656434651007 0.004247914556929411 63
1656434704786 0.004198176702170264 64
1656434765251 0.003886819188604118 65
1656434819637 0.0038804506908373115 66
1656434883996 0.003644230798460324 67
1656434942964 0.003644524785260228 68
1656435000122 0.003636276536376104 69
1656435354936 0.0037351959477212038 70
1656435411040 0.003655787363996188 71
1656435475461 0.003615468492767726 72
1656435538937 0.0031693367147809237 73
1656435599680 0.002980957001546103 74
1656435654935 0.0032591450233889763 75
1656435708655 0.0030435333175788948 76
1656435765450 0.0030026757856016495 77
1656435823497 0.0029088615738992463 78
1656435885069 0.0030316952353786064 79
1656436248344 0.003066368124736263 80
1656436304927 0.0028903028881649417 81
1656436361881 0.003011687828582632 82
1656436419578 0.0030100291942433133 83
1656436476234 0.0030585107852814097 84
1656436527847 0.0029149365455820586 85
1656436586129 0.0026002914480177663 86
1656436646321 0.00227880755608012 87
1656436716884 0.0021487820812301495 88
1656436788316 0.0021120816638618978 89
1656437144345 0.0021200120679513157 90
1656437203088 0.00203529447568751 91
1656437260751 0.002028927919015766 92
1656437314416 0.001993627758390515 93
1656437369042 0.0021771036852918924 94
1656437416741 0.0022190047600100238 95
1656437476420 0.0020022275863955663 96
1656437537803 0.0020307684063636255 97
1656437609031 0.002008550729566072 98
1656437661196 0.0020903666497129603 99
1656438054614 0.0020903710752508964 100
1656438123790 0.0019655021815415674 101
1656438178563 0.0018618937727958862 102
1656438235434 0.002058063931982601 103
1656438314656 0.002756188715822838 104
1656438374964 0.0027489862515597263 105
1656438437299 0.0027682738167965626 106
1656438510124 0.0023999419196989447 107
1656438578396 0.0021371208923771645 108
1656438638238 0.0019459764182674366 109
1656439020361 0.0019425210678725158 110
1656439095177 0.0018735754601639787 111
1656439162575 0.0019666423630565477 112
1656439224662 0.001927753484321948 113
1656439287515 0.0020021463471407985 114
1656439355980 0.002014213830626499 115
1656439417598 0.002135121893363068 116
1656439484978 0.00221457138516179 117
1656439543568 0.0021834123618647006 118
1656439598749 0.0021614946717287697 119
1656439966191 0.0021728271959365886 120
1656440026077 0.0020592771952973044 121
1656440103026 0.0018247136554039312 122
1656440176252 0.0018172094275474837 123
1656440237209 0.001753453504451663 124
1656440305676 0.0017131119788829086 125
1656440367266 0.0015341961004418092 126
1656440421476 0.0014022239625065547 127
1656440485827 0.0014492312912847138 128
1656440554831 0.0014822806302751124 129
1656440926507 0.0014833340477126145 130
1656440975729 0.001372606993881087 131
1656441029207 0.001302638896572228 132
1656441078211 0.0013216273862690642 133
1656441136591 0.0013398398144254253 134
1656441198552 0.0013392729794895475 135
1656441257315 0.0013480220843852253 136
1656441315681 0.0013292405839649968 137
1656441373826 0.0014444114243379325 138
1656441431398 0.0013399880471393066 139
1656441801617 0.0012095663783807664 140
1656441861161 0.0012565826646271372 141
1656441908010 0.00118069923455133 142
1656441971223 0.0011301345666814289 143
1656442036227 0.001021058981007239 144
1656442110038 0.0010760901839008685 145
1656442170063 0.0009625848595579134 146
1656442218713 0.0010302773866547321 147
1656442267167 0.001020461114805915 148
1656442313588 0.0009831421139243623 149
1656442679294 0.0009748965612331739 150
1656442740581 0.0009562910344534936 151
1656442798852 0.000976605212827386 152
1656442853191 0.000924987475330985 153
1656442918616 0.0008677618630305028 154
1656442979484 0.0009016900357859958 155
1656443043747 0.0009238434884197844 156
1656443101679 0.0009191691773380306 157
1656443165351 0.0009429227887914893 158
1656443221604 0.0009388482861337755 159
1656443579600 0.0009280317886647405 160
1656443635800 0.0009301700031331128 161
1656443697603 0.0009600556078479539 162
1656443754960 0.00088388449626009 163
1656443815873 0.0008734821947717908 164
1656443871362 0.0008789334585582731 165
1656443942722 0.0008919775438341881 166
1656444006284 0.0008920905398879242 167
1656444070831 0.0008025163508306177 168
1656444123963 0.0007695679961525759 169
1656444462529 0.0007841233574564788 170
1656444527428 0.0008044483018753157 171
1656444576700 0.0008283200638099508 172
1656444623555 0.0008912507274129178 173
1656444691119 0.0008774213988413937 174
1656444752264 0.0008082250237897437 175
1656444807094 0.0008382578010487363 176
1656444864208 0.000918498702535353 177
1656444925877 0.0008251825789046263 178
1656444977351 0.0007966491711699497 179
1656445317188 0.0008094785029338913 180
1656445373948 0.0008189212014766412 181
1656445460892 0.0007853362799263852 182
1656445545593 0.0008104744134633801 183
1656445612681 0.0008335268895883763 184
1656445668561 0.000875284517562247 185
1656445733944 0.0009626295161122567 186
1656445784405 0.0010038919908902377 187
1656445839517 0.000981067593350149 188
1656445899952 0.0009348257242768332 189
1656446216409 0.0008906919519481304 190
1656446276432 0.0008659462998128475 191
1656446327751 0.000972794003496924 192
1656446390796 0.0009458469467861219 193
1656446439877 0.0009769974014031124 194
1656446501537 0.0009304344438179069 195
1656446562058 0.0009889418985528087 196
1656446623032 0.0009816589796292075 197
1656446675918 0.0009787060247071766 198
1656446725803 0.0009471961460278955 199
1656447039483 0.0009610840201854653 200
1656447095630 0.0010749154217573054 201
1656447153741 0.0010989553451417056 202
1656447204949 0.0013012082864957142 203
1656447264795 0.001305438381094426 204
1656447326131 0.0011798373894943426 205
1656447385834 0.0012314234210576425 206
1656447446912 0.0012675104333477183 207
1656447507414 0.0013854204473764398 208
1656447562642 0.0013503687941303077 209
1656447897220 0.0013590770278857356 210
1656447957115 0.001325288728832974 211
1656448017288 0.001126595543615161 212
1656448064771 0.0010928098134652675 213
