1656429441656 6.768459813233287 0
1656429458091 1.9224940050288517 1
1656429492750 2.673729336445058 2
1656429552111 0.27890259177937315 3
1656429622524 0.3687969688921486 4
1656429694599 0.1503668382126625 5
1656429759585 0.16263863016665564 6
1656429826990 0.4307531170092153 7
1656429892270 0.08039875770090299 8
1656429960504 0.11571085374601611 9
1656430318069 0.08400761214767358 10
1656430385105 0.15082227763311432 11
1656430447282 0.13160928045646283 12
1656430506272 0.08993888315148647 13
1656430564714 0.11660571834301096 14
1656430626030 0.10419642121514767 15
1656430688981 0.05338607071550371 16
1656430751878 0.015163222037827877 17
1656430806758 0.03912082244655139 18
1656430868262 0.054064026343251276 19
1656431134510 0.05376600531671278 20
1656431199257 0.05349299890512252 21
1656431263433 0.034724116875632455 22
1656431319497 0.04139615528999595 23
1656431373662 0.019615436537555937 24
1656431426546 0.016189058357684256 25
1656431480800 0.03687469438689896 26
1656431534471 0.04174710010405294 27
1656431590387 0.04565391184621802 28
1656431651794 0.03791195474253621 29
1656431982255 0.0376780613389495 30
1656432046152 0.03929998087623831 31
1656432102985 0.05559560030803377 32
1656432170466 0.05424213088585435 33
1656432223135 0.06191511059994287 34
1656432277884 0.05512759069335002 35
1656432335589 0.051162696488793076 36
1656432399703 0.04420871329190815 37
1656432462958 0.03650513279875362 38
1656432523406 0.03528523255923753 39
1656432835847 0.03736115031353221 40
1656432897341 0.037360373747951446 41
1656432955386 0.0266209035793038 42
1656433010566 0.035084455952324546 43
1656433059197 0.027684038548525754 44
1656433123599 0.03665626130535734 45
1656433186727 0.027696080556169633 46
1656433245406 0.02401742827275193 47
1656433308665 0.02324929777162881 48
1656433362185 0.023260950191877804 49
1656433665836 0.023262009160434645 50
1656433720152 0.015235592468331768 51
1656433775101 0.022803260453331885 52
1656433830287 0.022760637701854516 53
1656433889000 0.016819792922545745 54
1656433946155 0.016987214722109695 55
1656434008292 0.009072379596439091 56
1656434068551 0.017501878061204595 57
1656434123866 0.015553461368290321 58
1656434175103 0.008058877503688713 59
1656434488008 0.015624612817236434 60
1656434536330 0.01666868337532925 61
1656434590919 0.016498690573453233 62
1656434651006 0.016548073689435 63
1656434704785 0.01695813233975926 64
1656434765250 0.01707552207962147 65
1656434819636 0.01676401867205485 66
1656434883995 0.016673437970320712 67
1656434942963 0.016666700323646075 68
1656435000121 0.016638013252952256 69
1656435354935 0.010579050054065984 70
1656435411039 0.01767098116955633 71
1656435475460 0.010412266543588351 72
1656435538936 0.01724903598557254 73
1656435599679 0.017472286999841238 74
1656435654934 0.018978017867297282 75
1656435708654 0.017693497715089317 76
1656435765449 0.017713566198497132 77
1656435823496 0.01831581056910414 78
1656435885067 0.01915551711956206 79
1656436248343 0.01957390396734709 80
1656436304927 0.011701109524108442 81
1656436361880 0.012006108674001125 82
1656436419577 0.01942195870367286 83
1656436476233 0.019581038266264693 84
1656436527846 0.01911788925565675 85
1656436586128 0.018127615927518454 86
1656436646319 0.016937619143765053 87
1656436716884 0.01666414321948393 88
1656436788315 0.009312924368681181 89
1656437144344 0.016554010955669617 90
1656437203087 0.016402343545143305 91
1656437260750 0.016381951257183176 92
1656437314415 0.016105887157553577 93
1656437369041 0.017270553228327445 94
1656437416740 0.01738487507552762 95
1656437476419 0.01746679054604573 96
1656437537802 0.017459532712043042 97
1656437609030 0.017253590528341335 98
1656437661195 0.017749395386988658 99
1656438054613 0.017737617448671496 100
1656438123789 0.01768082852166017 101
1656438178562 0.017304694726646256 102
1656438235433 0.018301002821324068 103
1656438314654 0.013908146541501406 104
1656438374963 0.02103474600124276 105
1656438437297 0.01400304220812293 106
1656438510123 0.019733189416558633 107
1656438578395 0.018663194851308684 108
1656438638237 0.017980988949124508 109
1656439020360 0.017935773749487918 110
1656439095176 0.0175951066334057 111
1656439162573 0.01791846783579435 112
1656439224661 0.018120385812491643 113
1656439287514 0.018392618326970853 114
1656439355979 0.018182320173061303 115
1656439417597 0.018329515010653087 116
1656439484977 0.018559635868217024 117
1656439543567 0.018407491576283568 118
1656439598747 0.018315887213704016 119
1656439966189 0.018346512660704136 120
1656440026076 0.01797949319237714 121
1656440103024 0.017140745633787847 122
1656440176250 0.01713273380851356 123
1656440237208 0.01688328198654146 124
1656440305675 0.01662535384337869 125
1656440367265 0.01573894472860953 126
1656440421474 0.014884184865257824 127
1656440485825 0.015113150075056262 128
1656440554830 0.014996651643478352 129
1656440926506 0.015006379311890822 130
1656440975727 0.014213102372425762 131
1656441029206 0.014017295762068338 132
1656441078209 0.014307014255243949 133
1656441136589 0.007327017103739867 134
1656441198551 0.007308650745010513 135
1656441257314 0.007282201836877354 136
1656441315680 0.014420196504758799 137
1656441373824 0.015237839274939427 138
1656441431397 0.01443298381800291 139
1656441801616 0.01346395427724175 140
1656441861160 0.013644901460701997 141
1656441908009 0.005884365972651514 142
1656441971222 0.01277923752301579 143
1656442036226 0.012960698343538829 144
1656442110036 0.013136365194739305 145
1656442170062 0.012611274196907728 146
1656442218712 0.013320039887767301 147
1656442267166 0.013145483616496414 148
1656442313587 0.013020221381348448 149
1656442679293 0.012964762143588989 150
1656442740580 0.012873370197725829 151
1656442798851 0.013001839930369841 152
1656442853190 0.01253033777856706 153
1656442918614 0.012298752493568418 154
1656442979483 0.012376238306316938 155
1656443043745 0.012489753018927003 156
1656443101678 0.012712645662217022 157
1656443165350 0.0057474339926965115 158
1656443221602 0.01292486252867701 159
1656443579600 0.012863072017996656 160
1656443635799 0.012685568485093513 161
1656443697602 0.01263829821941894 162
1656443754959 0.012097518662843615 163
1656443815872 0.012042732113273105 164
1656443871361 0.012134321519253435 165
1656443942721 0.012328991190310539 166
1656444006283 0.012481937119250539 167
1656444070830 0.01209762836999553 168
1656444123962 0.00488455798646319 169
1656444462528 0.012224322301590798 170
1656444527427 0.005175262340948866 171
1656444576699 0.012438846228301366 172
1656444623554 0.012712941222781956 173
1656444691117 0.01262169359903851 174
1656444752263 0.012378867111118463 175
1656444807093 0.01260161567147107 176
1656444864207 0.013161036419501327 177
1656444925876 0.012078302789289862 178
1656444977350 0.012060351939874281 179
1656445317187 0.00506687066247395 180
1656445373947 0.011929087586761297 181
1656445460890 0.011547168210308531 182
1656445545591 0.011666830149108735 183
1656445612680 0.012037472857330863 184
1656445668560 0.01257536247653297 185
1656445733942 0.01309987750597934 186
1656445784404 0.013045355423441922 187
1656445839515 0.013211095882577434 188
1656445899951 0.013030827258518375 189
1656446216407 0.012593469388623896 190
1656446276431 0.012629782005813776 191
1656446327750 0.013171161271396836 192
1656446390796 0.011384975467448481 193
1656446439877 0.01299643250411481 194
1656446501536 0.012462911503645138 195
1656446562057 0.012231167507220687 196
1656446623031 0.012139790468546527 197
1656446675917 0.011260861393059981 198
1656446725802 0.011003155643013745 199
1656447039482 0.01118441571206455 200
1656447095629 0.002442519828580682 201
1656447153740 0.011210973445934223 202
1656447204948 0.0023368520220695115 203
1656447264794 0.011337327490440812 204
1656447326130 0.01147708991045672 205
1656447385833 0.01154384137227309 206
1656447446911 0.011419861567850124 207
1656447507413 0.004669532466136165 208
1656447562641 0.0046657657358859395 209
1656447897219 0.011447694717509097 210
1656447957114 0.011426053608540493 211
1656448017287 0.010578709118015166 212
1656448064771 0.009322827193692707 213
