1656589132983 0.7801026053557728 0
1656589292572 0.40206526151804944 1
1656589410051 0.6641523916005339 2
1656589577013 0.7687801662121481 3
1656589736538 0.5429654388243694 4
1656589880824 0.8101090643358295 5
1656590074297 0.552723263993506 6
1656590305921 0.46814297777179126 7
1656590476672 0.5218645055619673 8
1656590641105 0.3723155988381226 9
1656590847516 0.27492911661811503 10
1656591042566 0.20992030087346591 11
1656591207119 0.20434434189099315 12
1656591399639 0.19401180874327117 13
1656591563477 0.1646478023472563 14
