1656589132981 1.0217058344178664 0
1656589292569 0.714297969259036 1
1656589410050 1.0716618509370057 2
1656589577011 1.021436473258771 3
1656589736537 0.4430284000373443 4
1656589880823 0.43118148396157446 5
1656590074294 0.018607233160902726 6
1656590305919 0.40493415050037185 7
1656590476671 0.04300096712873722 8
1656590641104 0.005551743703023736 9
1656590847514 0.021473040246074118 10
1656591042565 0.0011316057503731108 11
1656591207118 0.0011779712542390158 12
1656591399638 0.0004423820899491105 13
1656591563476 0.00024998489812313757 14
