1656631583106 0.89267650050433 0
1656631598246 1.2383762770071973 1
1656631610702 1.3871566566181797 2
1656631621264 1.2484164475375052 3
1656631634339 0.9212991665447648 4
1656631653785 0.8146445432161834 5
1656631670964 0.8899816016627484 6
1656631687227 0.7307808196301021 7
1656631712101 0.7605491815233734 8
1656631735547 0.8080838583399305 9
1656631761526 0.834312341211338 10
1656631787112 0.9278579934255041 11
1656631817091 0.788710769757809 12
1656631840584 0.7711633408435706 13
1656631864093 0.7740169830217085 14
1656631892552 0.6623516130385426 15
1656631932465 0.5837700637541405 16
1656632017965 0.506420611720451 17
1656632089273 0.5438140355805758 18
1656632180478 0.5363154572946005 19
1656632334800 0.5139858158566587 20
1656632411641 0.44516039863329626 21
1656632485065 0.3929471856416782 22
1656632564628 0.32574329484920794 23
1656632641050 0.37163746819238497 24
1656632718982 0.3654889551778333 25
1656632809526 0.33608802647261926 26
1656632925504 0.2747226697802594 27
1656632989873 0.19720856626624705 28
1656633058051 0.22052519595483244 29
1656633129718 0.179838324578257 30
1656633193995 0.19982527706616848 31
1656633261728 0.23270238085884676 32
1656633374996 0.23531563280771672 33
1656633478159 0.30222942738376346 34
1656633545265 0.31762363012556316 35
1656633606756 0.3014270650985861 36
1656633662568 0.26686518090541655 37
1656633714197 0.27401195848050885 38
1656633765023 0.25806214959755536 39
1656633835750 0.2389376459310898 40
1656633942946 0.2560460649894948 41
1656633998524 0.25319237789820137 42
1656634058447 0.2270395124675224 43
1656634116400 0.20129017936677562 44
1656634174430 0.16028702223213598 45
1656634229558 0.15767569109490975 46
1656634278595 0.13923882180152292 47
1656634354042 0.10506497401769865 48
1656634456070 0.09140083731955073 49
1656634506703 0.09908121850423546 50
1656634562968 0.09916713062289673 51
1656634618515 0.078607503138452 52
1656634668831 0.07255822903406661 53
1656634730434 0.0917238122159153 54
1656634837364 0.09472501674389022 55
1656634914929 0.07853728882534317 56
1656634972382 0.09608212580610165 57
1656635023119 0.1014125884716619 58
1656635076405 0.10967833045754838 59
1656635124774 0.0970542267456228 60
1656635214790 0.09498834581314941 61
1656635309278 0.09094030532325525 62
1656635357704 0.08774484396506077 63
1656635389023 0.09530393854244845 64
1656635420711 0.10588345590629011 65
1656635462691 0.10159408362802202 66
1656635507507 0.0989601046387748 67
1656635556666 0.1053350551041885 68
1656635598097 0.09438133482763211 69
1656635645523 0.09128787007793704 70
1656635753961 0.09139296466128433 71
1656635816174 0.10000343196579742 72
1656635857521 0.10147852238373833 73
1656635899906 0.092916141375458 74
1656635953918 0.0911233961186283 75
1656635996530 0.08803257807544596 76
1656636040642 0.083484865428046 77
1656636088781 0.078634553401155 78
1656636189700 0.07621246957514838 79
1656636267675 0.08096240208583216 80
1656636316059 0.07105705181073574 81
1656636371836 0.07352055051207884 82
1656636435048 0.07084225626624585 83
1656636489501 0.07116094796209027 84
1656636541211 0.06569819972391222 85
1656636595399 0.06767871368992151 86
