1656631583104 8.578700760889843 0
1656631598245 7.033178706248802 1
1656631610701 3.9100547332443214 2
1656631621262 6.8268608515399976 3
1656631634338 5.387201886181876 4
1656631653784 5.438634943589471 5
1656631670963 5.541944193542005 6
1656631687225 4.7117841775416185 7
1656631712100 4.148630032735449 8
1656631735545 4.907162616561137 9
1656631761525 4.910995975866319 10
1656631787111 4.7452256572206934 11
1656631817090 4.578455659885991 12
1656631840583 4.312038071969771 13
1656631864092 3.9218999415476 14
1656631892551 3.4886096554373496 15
1656631932464 0.05903444490975425 16
1656632017963 0.4204414885567066 17
1656632089271 0.20064615850516823 18
1656632180477 0.2854216679117315 19
1656632334798 0.26790229039755104 20
1656632411640 0.343430637117957 21
1656632485063 0.07590726955822427 22
1656632564627 0.06685833202984494 23
1656632641049 0.18849879681487988 24
1656632718981 0.07319507876865412 25
1656632809524 0.2912625800287555 26
1656632925502 0.2443058046257035 27
1656632989872 0.23863003458545448 28
1656633058050 0.24992691421983795 29
1656633129717 0.316181900809324 30
1656633193993 0.2923200970654733 31
1656633261716 0.3594297223885187 32
1656633374993 0.29845569841542324 33
1656633478158 0.3568372833367474 34
1656633545263 0.3521848308213235 35
1656633606755 0.3069819190832444 36
1656633662567 0.26670251755931135 37
1656633714195 0.27286756133006446 38
1656633765022 0.3065793605801807 39
1656633835748 0.3191036473905462 40
1656633942943 0.2797259336376458 41
1656633998523 0.3338313025574649 42
1656634058446 0.3269354508799131 43
1656634116399 0.32865402083968465 44
1656634174429 0.2284885294677685 45
1656634229557 0.23161335937662034 46
1656634278593 0.2985481019281282 47
1656634354039 0.24507334929080177 48
1656634456069 0.19758696739913936 49
1656634506702 0.27228571905918636 50
1656634562966 0.2495023527402419 51
1656634618513 0.23608815482814496 52
1656634668829 0.20995501496455352 53
1656634730431 0.23377887240512327 54
1656634837361 0.17425067966213126 55
1656634914927 0.1551712723289369 56
1656634972381 0.1264184199715101 57
1656635023118 0.11788068156199381 58
1656635076404 0.13523729403909052 59
1656635124773 0.07903572576539364 60
1656635214788 0.09267734523413643 61
1656635309277 0.08404918312298411 62
1656635357703 0.08108960374457799 63
1656635389021 0.08112191063736453 64
1656635420710 0.09941411868227173 65
1656635462690 0.10287043315721492 66
1656635507506 0.1747717138513824 67
1656635556665 0.17575865555789014 68
1656635598095 0.16855747361145554 69
1656635645521 0.17494492302098996 70
1656635753959 0.1642311153994763 71
1656635816173 0.16643574507552023 72
1656635857519 0.20147030027991197 73
1656635899905 0.15398928883170881 74
1656635953917 0.15753417486437288 75
1656635996529 0.22479855006962007 76
1656636040640 0.19669001738581413 77
1656636088779 0.16466542462675965 78
1656636189698 0.16539758974329283 79
1656636267674 0.1839101973630656 80
1656636316058 0.15688483959162794 81
1656636371834 0.16348718324697473 82
1656636435047 0.2303864046094948 83
1656636489500 0.14639978519373575 84
1656636541209 0.15145396971842362 85
1656636595397 0.1547349164840518 86
