1656429314209 0.6501157184513333 0
1656429334594 0.47014041035622234 1
1656429367861 0.484464200431455 2
1656429407080 0.5430153540198845 3
1656429454313 0.5396853803831065 4
1656429518935 0.7255203354933855 5
1656429590282 0.6849856378249181 6
1656429648699 0.5929704562730276 7
1656429703909 0.29837337608904324 8
1656429767333 0.3922866541917691 9
1656429845809 0.3828177473154156 10
1656429932419 0.30119031858407264 11
1656430020846 0.28515843830967547 12
1656430104878 0.19052487101830085 13
1656430179187 0.1900671555348502 14
1656430241324 0.18447178319067925 15
1656430304410 0.19573290200115456 16
1656430383550 0.24828250851790068 17
1656430457572 0.15600466328028506 18
1656430525676 0.14667872742335408 19
1656430589540 0.08591831071863587 20
1656430645617 0.046613390829502444 21
1656430701828 0.025496673759220823 22
1656430747693 0.017056654181765274 23
1656430793552 0.00837292711051807 24
1656430839941 0.022299408702446954 25
1656430881532 0.015293750742946588 26
1656430926427 0.032537113163841 27
1656430968417 0.045912525343652866 28
1656431018951 0.03344329131594903 29
1656431055860 0.02635991665041515 30
1656431096572 0.030379320107934538 31
1656431133176 0.03929664071539918 32
1656431177434 0.023214486315856542 33
1656431216772 0.016199690786166232 34
1656431262414 0.01405560571546649 35
1656431300351 0.011420203648201288 36
1656431341903 0.009466008728624686 37
1656431383906 0.00858110535713108 38
1656431432852 0.007988455653799131 39
1656431484162 0.007357499854099836 40
1656431544065 0.006191134146651955 41
1656431593926 0.007389309614719286 42
1656431638950 0.006194118630406198 43
1656431680202 0.0062853474959873035 44
1656431727262 0.006387096262366221 45
1656431775646 0.006387096348536736 46
1656431817888 0.005588606268972285 47
1656431858577 0.005608148417677761 48
1656431897752 0.005525202970341647 49
1656431939651 0.005525202772685978 50
1656431988149 0.0056831733024282904 51
1656432032887 0.005779199515965394 52
1656432075936 0.004720677694517672 53
1656432120903 0.005260512944256224 54
1656432164230 0.004784505012105256 55
1656432204337 0.004120976177322766 56
1656432243346 0.003961399738091176 57
1656432282446 0.004214647884718814 58
1656432324145 0.004611727831671963 59
1656432368181 0.004451409507997606 60
1656432415336 0.004163810488652331 61
1656432456967 0.003999969519905111 62
1656432505486 0.0038702467426831033 63
1656432554361 0.003986923887562721 64
1656432600560 0.003915741976668219 65
1656432641364 0.004336322681908755 66
1656432683162 0.00400630904874355 67
1656432726488 0.0040419960494382234 68
1656432763675 0.0038894347036932952 69
1656432807339 0.0034878732316324657 70
1656432847888 0.0032546031432462152 71
1656432887217 0.002961083491583305 72
1656432923377 0.0030781058625304336 73
1656432965074 0.0032251908516683914 74
1656433007637 0.0033006595363576086 75
1656433053073 0.003260705139416342 76
1656433100901 0.003296444238098495 77
1656433145334 0.0032160786781291195 78
1656433186765 0.0028682989248488555 79
1656433230410 0.0027143535962411702 80
1656433274582 0.002810648536591076 81
1656433320286 0.0028431930180561338 82
1656433354819 0.002785431312942399 83
1656433391071 0.0028314634200345967 84
1656433429793 0.0027570939229242253 85
1656433474525 0.0024884448270173776 86
1656433522285 0.0022157679216999737 87
1656433566279 0.0023030624861233306 88
1656433608510 0.0024589950982316644 89
1656433652046 0.0026443776590400203 90
1656433697756 0.0026673429610771793 91
1656433750062 0.0026599079959002125 92
1656433797046 0.0027088152125211984 93
1656433842933 0.00271507628669021 94
1656433894711 0.0026471600070123724 95
1656433945095 0.0027177322471060306 96
1656433987279 0.0027499190081279323 97
1656434035040 0.0029389760022748845 98
1656434088712 0.0031280709666295925 99
1656434133641 0.003068248169321497 100
1656434187318 0.0028719748007045576 101
1656434236083 0.00362699508851394 102
1656434285792 0.003608022859438953 103
1656434331717 0.003534924361579539 104
1656434373972 0.003277998135419957 105
1656434417230 0.0032444055615006295 106
1656434460108 0.0032641067679201052 107
1656434505264 0.0033706251276505172 108
1656434547748 0.0032773183157110974 109
1656434592280 0.003271010583409506 110
1656434633136 0.0031674022732472995 111
1656434671824 0.0029490459021707105 112
1656434720131 0.0030374183442474223 113
1656434766147 0.0032910524463303226 114
1656434814936 0.003170367444270683 115
1656434862471 0.003965522761562479 116
1656434914914 0.00367498219180995 117
1656434966090 0.00394063505880371 118
1656435016370 0.0037120107772043998 119
1656435068946 0.0036232706527207226 120
1656435118961 0.0037705483375195525 121
1656435168270 0.0037591637253523436 122
1656435218276 0.0037657416295650004 123
1656435264435 0.003510524335925802 124
1656435315579 0.003611942567287807 125
1656435367019 0.004232244485533498 126
1656435412445 0.004355201718089896 127
1656435473186 0.004439221562833717 128
1656435528972 0.004269986975085183 129
1656435578977 0.004261140519721818 130
1656435628877 0.0052010491269437464 131
1656435676246 0.005226452990447772 132
1656435722653 0.005350499447474566 133
1656435769272 0.0051564625549140874 134
1656435814123 0.005446132967782402 135
1656435869855 0.006090101994204344 136
1656435926071 0.006064510536451517 137
1656435979918 0.005952382339083906 138
1656436030849 0.006269836796543804 139
1656436084006 0.005233826701842359 140
1656436136574 0.005008501977870838 141
1656436181548 0.004911512899233195 142
1656436223740 0.006431448102307558 143
1656436264147 0.00589281407586606 144
1656436316176 0.005841623713747968 145
1656436365477 0.005834064750532608 146
1656436408582 0.00569731229142223 147
1656436457291 0.005324802201904899 148
1656436505821 0.0051870987876878605 149
1656436550259 0.005086162980130093 150
1656436596420 0.00516486731954191 151
1656436645206 0.004148642119564561 152
1656436691314 0.004109975554578593 153
1656436747816 0.004014608817535126 154
1656436806696 0.003833009245462704 155
1656436854555 0.004102786280555826 156
1656436913464 0.0035866276303995193 157
1656436951370 0.0037188290344303265 158
1656437000259 0.0038329777339642934 159
1656437054983 0.0037200854459447097 160
1656437101822 0.004219586894860461 161
1656437146820 0.004666444666449054 162
1656437206427 0.0038107729990934924 163
1656437251408 0.003387539484133839 164
1656437296437 0.0034519761615383615 165
1656437339978 0.003426635479380935 166
1656437391785 0.0035770468530292865 167
1656437434325 0.0036932892720297206 168
1656437480497 0.0034835117321769804 169
1656437526862 0.003443801041798311 170
1656437569897 0.003549226185412424 171
1656437626373 0.003606398587565063 172
1656437671462 0.0032022891394157815 173
1656437728667 0.0031795980302102844 174
1656437778189 0.00313469920750975 175
1656437831428 0.0033212222066066888 176
1656437892682 0.0035492575718822916 177
1656437944166 0.0036465004336779794 178
1656437994942 0.00359313515133175 179
1656438043919 0.0037608679085724406 180
1656438092019 0.003610812666096863 181
1656438142698 0.003569320533729381 182
1656438186322 0.0036514323571892326 183
1656438232529 0.00309715638060315 184
1656438281959 0.0024335247419188244 185
1656438336618 0.0018679834573175347 186
1656438385211 0.0019120681297400965 187
1656438439645 0.001850544195357573 188
1656438490430 0.0018199409141114176 189
1656438541496 0.0015265649602314024 190
1656438599427 0.0016865853799408193 191
1656438654003 0.0016885582565770996 192
1656438700318 0.001647530847795009 193
1656438747431 0.001870864477942158 194
1656438787175 0.0017811235359675992 195
1656438823676 0.0017699745326396066 196
1656438867617 0.0016247842847342264 197
1656438929371 0.0017885652694985543 198
1656438969219 0.0018430910961950708 199
1656439020095 0.0018070526583647828 200
1656439068356 0.001741436637297089 201
1656439123636 0.001661348351167824 202
1656439175954 0.0016513014445959096 203
1656439219585 0.0016045383530264301 204
1656439269826 0.0016671174398478206 205
1656439323562 0.0017582512582484666 206
1656439372901 0.0016937311541979083 207
1656439422887 0.001627835144634271 208
1656439473535 0.0016525770312914023 209
1656439528017 0.001632545751029113 210
1656439572209 0.0016407247402864256 211
1656439618856 0.0012140908051163635 212
1656439671416 0.0011548707670279157 213
1656439715897 0.0014950684702320638 214
1656439764526 0.001552867420109294 215
1656439812710 0.001680616583675465 216
1656439859660 0.0016854284826846033 217
1656439910725 0.0016586855895841524 218
1656439966999 0.0016075328428576396 219
1656440014954 0.0017330665715997728 220
1656440068000 0.001853930643143098 221
1656440116752 0.001835145032466401 222
1656440168544 0.0019621095742957673 223
1656440220050 0.001966386635687045 224
1656440287355 0.0019594661110465816 225
1656440331750 0.0020773578912349766 226
1656440376236 0.002357924317712312 227
1656440427323 0.0026466639680983173 228
1656440477728 0.0026106305120355833 229
1656440537948 0.0027289450069528653 230
1656440587648 0.0027908333801736074 231
1656440628966 0.002901950748690152 232
1656440678347 0.002937353572603718 233
1656440732075 0.002877598492674438 234
1656440780577 0.002819981458506038 235
1656440822553 0.0028030294593509586 236
1656440866456 0.0028926970886766767 237
1656440916296 0.0028279226032524862 238
1656440957872 0.002846006871661144 239
1656440997195 0.0027975200293498537 240
1656441037461 0.0028594883256251036 241
1656441078332 0.002840354198086703 242
1656441126478 0.002972775004293826 243
1656441174088 0.0025462076158087044 244
1656441219362 0.0025546453221302334 245
1656441264920 0.0025017354772692846 246
1656441318077 0.0026210421510080018 247
1656441364245 0.00277499264761627 248
1656441407623 0.0026696809058013304 249
1656441451635 0.0027205861249859353 250
1656441516149 0.0026126542571084377 251
1656441567568 0.0026089072585513406 252
1656441615350 0.002756877777332356 253
1656441666236 0.0027320893614020125 254
1656441714071 0.0030244123114787635 255
1656441756904 0.0033249506134243045 256
1656441807800 0.0032559324554258806 257
1656441855248 0.003172988002384969 258
1656441893111 0.0032283545032810723 259
1656441934231 0.002841141022448479 260
1656441976521 0.002482291173560691 261
1656442019798 0.0024862435000910788 262
1656442065067 0.002136173626121063 263
1656442117012 0.0020861287205471424 264
1656442164193 0.0022419576671831587 265
1656442201363 0.002219825942515574 266
1656442246210 0.0022672928791892533 267
1656442288800 0.0022204052004533015 268
1656442323333 0.002137343628114241 269
1656442369411 0.0018814462364440399 270
1656442417653 0.0018782023866974473 271
1656442466779 0.0017897696083613024 272
1656442518939 0.0018946776000111631 273
1656442567495 0.0018430838530565374 274
1656442611679 0.001850312415151989 275
1656442654703 0.0018286133709826125 276
1656442702969 0.0018289369144861567 277
1656442742645 0.0017870048404621253 278
1656442790159 0.0018250805622900268 279
1656442831729 0.0018089150538267429 280
1656442874031 0.0017445051850981663 281
1656442934498 0.0017352614824281964 282
1656442972955 0.0018557863255890261 283
1656443018301 0.0018849193480063864 284
1656443065999 0.0018879058304261953 285
1656443108328 0.0018919443739969788 286
1656443150077 0.0018662180004362927 287
1656443194545 0.0018214476096577448 288
1656443250869 0.0018184894828702225 289
1656443298128 0.001797326265604804 290
1656443353953 0.0018343928540570653 291
1656443408641 0.0019228122990546659 292
1656443450532 0.0018846424781366888 293
1656443501105 0.0018797679980470106 294
1656443539727 0.0018264320750966956 295
1656443589042 0.0019112684196316287 296
1656443628185 0.0018878775790986957 297
1656443668521 0.0019783499094254697 298
1656443713621 0.0019639544868511605 299
1656443756043 0.0019452209911955398 300
1656443807073 0.0022074282416657542 301
1656443848701 0.0021006927536734166 302
1656443890924 0.0020810192749479706 303
1656443942398 0.0021334137866941827 304
1656443990677 0.002230396990907435 305
1656444045592 0.002248687588303322 306
1656444095206 0.002283013999556882 307
1656444145415 0.0023012861986793087 308
1656444190877 0.002272714597665426 309
1656444242544 0.002226758429863085 310
1656444289435 0.0021856177525757525 311
1656444334711 0.002366988002547421 312
1656444381179 0.002413794119381585 313
1656444431858 0.0026871349744218564 314
1656444478620 0.0026785459986772286 315
1656444526072 0.002583603347752317 316
1656444573339 0.0025338632556981544 317
1656444613958 0.00267630908891181 318
1656444665430 0.0026309041454189996 319
1656444707464 0.002582714247045148 320
1656444749508 0.0025924335861258196 321
1656444792444 0.002564739777416225 322
1656444845567 0.002595253503816952 323
1656444899373 0.002493185071368198 324
1656444948122 0.0025044282714487 325
1656444986850 0.0024579761621716933 326
1656445027936 0.002545890658974148 327
1656445074997 0.002277790369407451 328
1656445120705 0.002226383422299749 329
1656445177626 0.002272757139297088 330
1656445223871 0.0022758746325769463 331
1656445274314 0.0023169994588295717 332
1656445313485 0.002308170999319792 333
1656445360283 0.0020183376363279715 334
1656445411789 0.0019857574946329226 335
1656445490242 0.0017494544075774554 336
1656445550412 0.0017436767738010506 337
1656445607323 0.0017526055434593513 338
1656445653626 0.001673894709087076 339
1656445704290 0.0016190767229449232 340
1656445753162 0.0014141237751300606 341
1656445797861 0.0015707442927253012 342
1656445845743 0.0015273843228673645 343
1656445888088 0.0014620121525192875 344
1656445943946 0.001449536280355379 345
1656445990068 0.0014379882336237326 346
1656446033264 0.0014881868281163557 347
1656446076252 0.0012987125329658733 348
1656446124300 0.0012970142857684497 349
1656446172216 0.001340947928729408 350
1656446217500 0.0013156937147591474 351
1656446265727 0.0011383162407441194 352
1656446320588 0.001113487538413005 353
1656446369827 0.001115363019873472 354
1656446416606 0.0010647111055126501 355
1656446464338 0.0010894989598906335 356
1656446510775 0.0009658228033045946 357
1656446560825 0.0010287285644335897 358
1656446607662 0.0010080686183909782 359
1656446660377 0.000986252263080467 360
1656446706458 0.0009952455265723748 361
1656446752849 0.0009475807432218764 362
1656446796683 0.000972330917447084 363
1656446837581 0.000977589247034838 364
1656446882045 0.0009413851402116924 365
1656446930884 0.0010026625028172198 366
1656446973486 0.0009729451245514831 367
1656447015639 0.0009891679458358116 368
1656447052220 0.0011136018273986137 369
1656447098835 0.0011126270244231629 370
1656447149026 0.0011005910831118904 371
1656447187687 0.0010627931779050304 372
1656447228735 0.0010393733307539899 373
1656447276214 0.0010362882679580965 374
1656447317831 0.001064860531970413 375
1656447359851 0.0011314560273057994 376
1656447402530 0.0011014978640170314 377
1656447452830 0.0010781218078605992 378
1656447495225 0.0011407972622963225 379
1656447542119 0.0011172614872484443 380
1656447588976 0.00124739012805819 381
1656447634724 0.001225537961997758 382
1656447679369 0.0012370376876653655 383
1656447722048 0.0011202594810014732 384
1656447765451 0.0010610684341837429 385
1656447810557 0.001038206515995177 386
1656447855258 0.0010349436047382143 387
1656447901727 0.0010920341131936961 388
1656447944616 0.00108972024730436 389
1656447986531 0.0010739847715518502 390
1656448027449 0.001112957012701199 391
1656448075405 0.0011160119044310024 392
