1656429314207 5.136676270434829 0
1656429334593 1.4102311178187201 1
1656429367860 0.392471815788823 2
1656429407079 0.27965240080611004 3
1656429454313 0.43770159561316396 4
1656429518934 0.31146727904350224 5
1656429590280 0.35245322737192547 6
1656429648698 0.31660719393348236 7
1656429703908 0.01836722734884253 8
1656429767331 0.07126384093281231 9
1656429845808 0.10344050731382652 10
1656429932418 0.11140942308451084 11
1656430020845 0.06971105192964247 12
1656430104876 0.034969740332844446 13
1656430179186 0.014162301272112186 14
1656430241323 0.007342185716909028 15
1656430304409 0.0015054897830543215 16
1656430383549 0.07055871768275651 17
1656430457571 0.0008241691692201375 18
1656430525675 0.0007956692991522366 19
1656430589538 0.005293361111244524 20
1656430645616 0.005953720884397138 21
1656430701827 0.009365258799195782 22
1656430747692 0.006854933349613177 23
1656430793551 0.006094401058775139 24
1656430839940 0.005376335712722783 25
1656430881531 0.029387080100620327 26
1656430926426 0.0002697230068850285 27
1656430968416 0.03018370246421203 28
1656431018950 0.03490210552348085 29
1656431055859 0.0068096373697830465 30
1656431096571 0.00810579783608293 31
1656431133175 0.00014570458895295582 32
1656431177433 0.004525280724425326 33
1656431216771 0.00018168902618028078 34
1656431262413 0.00044315651347267746 35
1656431300350 0.00198139793661115 36
1656431341902 0.003176784265637372 37
1656431383905 0.006540089275907067 38
1656431432851 0.01404751074381864 39
1656431484161 0.01325022791472413 40
1656431544064 0.006444481569611041 41
1656431593925 0.002544241608332151 42
1656431638949 0.001819033174820787 43
1656431680201 0.006328292413049559 44
1656431727261 0.0018102612387624274 45
1656431775645 0.0018102565051197797 46
1656431817887 0.0011650163016891442 47
1656431858576 0.006008775335289115 48
1656431897751 0.00031909985024770784 49
1656431939650 0.0003193647458678208 50
1656431988148 0.0014163761105619205 51
1656432032886 0.0014825746994824494 52
1656432075935 0.007070923020868118 53
1656432120902 0.0071308584791969064 54
1656432164228 0.001292721266146093 55
1656432204336 0.007995753174693447 56
1656432243345 0.0022056662654763586 57
1656432282445 0.0006821293843237849 58
1656432324145 0.0047996259285755846 59
1656432368180 0.0010528065329214805 60
1656432415335 1.9148545575534484e-05 61
1656432456966 0.00010207542920538095 62
1656432505485 0.007647743595640986 63
1656432554360 8.012828844398588e-05 64
1656432600559 3.0502772616285796e-06 65
1656432641364 0.013301119114770051 66
1656432683161 0.0007743477904904084 67
1656432726487 0.0008673715398121996 68
1656432763674 0.0007183592844844135 69
1656432807338 0.0009056604475120677 70
1656432847887 0.0006554827069991513 71
1656432887216 0.0001635500505516624 72
1656432923376 0.00042488786695811954 73
1656432965073 0.0006876314982532213 74
1656433007636 0.0002898649869374465 75
1656433053072 0.0005020167582060465 76
1656433100900 0.0001709643467387253 77
1656433145333 0.00022484826532959736 78
1656433186764 0.0007166676336892269 79
1656433230409 0.037012397219987635 80
1656433274581 0.0006526282286996247 81
1656433320285 0.0006175265968076833 82
1656433354818 0.0012219172393555717 83
1656433391070 0.0023752296926058884 84
1656433429792 0.0021626996356744217 85
1656433474524 0.002169006109640283 86
1656433522284 0.0029922160112006487 87
1656433566278 0.00039894769649701217 88
1656433608509 0.0020605947752294516 89
1656433652045 0.00042660674799230216 90
1656433697756 0.0013238895775524798 91
1656433750062 0.00032975435877944607 92
1656433797045 0.002071342912694985 93
1656433842932 0.0003647510300726969 94
1656433894710 0.002852406984673054 95
1656433945094 0.0035105769115958063 96
1656433987278 0.004498221379512871 97
1656434035038 0.004876036721988882 98
1656434088711 0.004986745264753577 99
1656434133640 0.004695203564538339 100
1656434187317 0.003929693959604977 101
1656434236082 0.0028925317408814936 102
1656434285791 0.002065201128347691 103
1656434331716 0.0004651279486616168 104
1656434373971 0.0013655400480235952 105
1656434417229 0.0019701418928830725 106
1656434460107 0.00042672617303302985 107
1656434505263 0.0014125185365235376 108
1656434547747 0.0016286516275545461 109
1656434592279 0.0014446168749589834 110
1656434633135 0.0019094086745259726 111
1656434671823 0.001640981370499352 112
1656434720130 0.0017024668353645377 113
1656434766146 0.0004671891627068825 114
1656434814935 0.001916181085960461 115
1656434862470 0.0019116974618960014 116
1656434914913 0.0018381219688274673 117
1656434966089 0.0024937928943469085 118
1656435016369 0.0026711055936047704 119
1656435068945 0.0027959976248106582 120
1656435118960 0.003459610546421339 121
1656435168269 0.0039092470122938875 122
1656435218274 0.004297625710414291 123
1656435264434 0.0042287379116821445 124
1656435315578 0.0043907325260667904 125
1656435367018 0.004594379303196438 126
1656435412444 0.00012428342110256275 127
1656435473185 0.00010822311610858473 128
1656435528971 0.0036681378982259655 129
1656435578976 0.003199870301725154 130
1656435628876 0.0034568809565330414 131
1656435676244 0.004172034921103006 132
1656435722652 0.00434316854480454 133
1656435769271 0.0042506040043664445 134
1656435814122 0.000313368240857129 135
1656435869854 0.00460405688026189 136
1656435926070 0.005021083344750205 137
1656435979917 0.0004328463308614777 138
1656436030848 0.004568495813939453 139
1656436084005 0.00414005715010226 140
1656436136573 1.030774254271935e-05 141
1656436181547 3.382709335482924e-05 142
1656436223739 0.0031980675263108423 143
1656436264146 0.0034119065682071724 144
1656436316174 0.0035833357638517162 145
1656436365476 9.743361742285857e-06 146
1656436408582 0.00278965511110115 147
1656436457290 0.0001199131316176015 148
1656436505820 0.0022189259195290797 149
1656436550258 8.710161574460116e-05 150
1656436596419 0.002999422810771025 151
1656436645205 0.003850715310911835 152
1656436691312 0.0033079002660357246 153
1656436747815 0.003376319664644267 154
1656436806695 0.0033098840007068538 155
1656436854554 0.0029051567606363637 156
1656436913463 0.002503425668094788 157
1656436951369 0.0027560475245693434 158
1656437000258 0.002167424060946411 159
1656437054981 0.0021726316759361477 160
1656437101821 0.002908077903163461 161
1656437146819 0.001796391164752131 162
1656437206426 0.002328740314850183 163
1656437251407 0.0014763219802585766 164
1656437296436 0.0002624015284286548 165
1656437339977 0.0018512893201491402 166
1656437391784 0.0022868765955621063 167
1656437434324 0.003300495810222909 168
1656437480495 0.0026781097023984525 169
1656437526861 0.0037792764441656164 170
1656437569896 8.434019782313854e-05 171
1656437626372 0.003484409014272876 172
1656437671461 0.0027026481738383614 173
1656437728666 0.00015420710113319943 174
1656437778188 0.0018543703447462944 175
1656437831427 0.00033993504527806166 176
1656437892680 0.0009844255565375078 177
1656437944165 0.0011570149835629956 178
1656437994941 0.001003007402358926 179
1656438043917 0.0004546031496125533 180
1656438092018 0.00022017278008863153 181
1656438142697 0.0002599730911436685 182
1656438186321 0.0003785017451020242 183
1656438232528 0.0006917506289684373 184
1656438281957 0.0008693252704869957 185
1656438336617 0.00042834585751687923 186
1656438385210 0.00030112320089730046 187
1656438439643 9.69383553559237e-05 188
1656438490429 0.00021201419266296897 189
1656438541495 0.0003425123799266597 190
1656438599425 0.0006057231326868507 191
1656438654002 0.00039575565018725323 192
1656438700317 0.000197191594015745 193
1656438747430 0.0004346935067588817 194
1656438787174 0.000246313496953899 195
1656438823675 7.059562805703141e-05 196
1656438867616 0.000581413969514387 197
1656438929369 1.0714912571068835e-05 198
1656438969218 0.00020847023203740653 199
1656439020094 0.00022646707172412637 200
1656439068355 1.8617620151590523e-05 201
1656439123635 2.179478961111727e-05 202
1656439175953 7.870522158783975e-06 203
1656439219584 0.00016552419940703256 204
1656439269825 0.00014604525617054878 205
1656439323561 0.0003421809541003444 206
1656439372900 0.0010325120935819531 207
1656439422886 0.0007062932301428035 208
1656439473534 0.0009584158246751882 209
1656439528016 0.00033827522630841826 210
1656439572208 0.000626176636707543 211
1656439618854 0.00035673023664321 212
1656439671414 0.0001742523918052089 213
1656439715896 0.0003058976624268257 214
1656439764524 0.0015535819858920972 215
1656439812708 0.0003509101431260276 216
1656439859659 0.00034471947565973974 217
1656439910724 0.0003658251346274589 218
1656439966997 0.0003024993632062918 219
1656440014953 0.0007682976348462225 220
1656440067998 0.000455873782012764 221
1656440116751 0.00045272244249407856 222
1656440168542 0.0005226281508433305 223
1656440220049 0.0007337150737444419 224
1656440287354 0.0004622149860804434 225
1656440331748 0.0004304692595467162 226
1656440376235 0.0004397881858244786 227
1656440427322 0.00042805801300272237 228
1656440477727 0.0004044431796323657 229
1656440537947 0.00039360107894540624 230
1656440587647 0.0008673160981217693 231
1656440628965 0.00043358337650148166 232
1656440678345 0.00043165154434725024 233
1656440732074 0.0004135154984872952 234
1656440780576 0.0004237690453344535 235
1656440822552 0.0004463204790082264 236
1656440866454 0.0004272851846883553 237
1656440916295 0.0005810499423878001 238
1656440957871 0.0005059607227875015 239
1656440997193 0.0005910080608656635 240
1656441037460 0.0005614070657558141 241
1656441078330 0.00046689244444501497 242
1656441126477 0.0005792776811015111 243
1656441174087 0.00026695322929982674 244
1656441219361 0.0004597750794510289 245
1656441264919 0.0004501739106173388 246
1656441318075 0.0004728271898224889 247
1656441364244 0.00046732166817707046 248
1656441407623 0.0004323495658814419 249
1656441451634 0.0004527816594611806 250
1656441516148 0.00046081394611804943 251
1656441567567 0.0008927207936259053 252
1656441615349 0.0004822695133856372 253
1656441666235 0.0004989100319703271 254
1656441714070 0.0004983744364018223 255
1656441756903 0.0004894550901168172 256
1656441807799 0.0012887452169961819 257
1656441855247 0.00047850922589317776 258
1656441893111 0.0004869524515257043 259
1656441934230 0.0004942931581586206 260
1656441976519 0.0011705559457304596 261
1656442019797 0.0004739265772689892 262
1656442065066 0.0011101037671684872 263
1656442117012 0.0010651741963198199 264
1656442164192 0.0004829570246376591 265
1656442201362 0.0004893147512884954 266
1656442246209 0.0010356277129611614 267
1656442288799 1.6796545634277445e-05 268
1656442323333 0.0006807922462626392 269
1656442369410 0.0005036509587669849 270
1656442417652 0.00042606852373737556 271
1656442466778 0.00013458674560952628 272
1656442518938 0.0001857464064338721 273
1656442567494 0.0003659848848226372 274
1656442611678 0.0002636675936822017 275
1656442654702 0.00023876650424637595 276
1656442702968 0.0003919828054170652 277
1656442742644 0.0002885962588756979 278
1656442790158 0.0003297456876530918 279
1656442831728 0.0006339000489919773 280
1656442874030 0.0002929331283204645 281
1656442934497 0.000285568778080998 282
1656442972954 0.0010929258388050964 283
1656443018301 0.0019403050539194696 284
1656443065998 0.0011186980443644837 285
1656443108327 0.0008718296008841924 286
1656443150076 0.00032433886665212937 287
1656443194544 0.0006916867583583025 288
1656443250868 0.0013442709285161464 289
1656443298127 0.00028648730307055323 290
1656443353952 0.0009260311186559632 291
1656443408639 0.0007955548690104929 292
1656443450531 0.0002731880318791514 293
1656443501104 0.0013635683434037543 294
1656443539726 0.0011007477493006333 295
1656443589041 0.0021271500849389265 296
1656443628183 0.0002947183757093302 297
1656443668520 0.001105520024492904 298
1656443713620 0.0012433579871579047 299
1656443756041 0.001186493302059134 300
1656443807073 0.0010193935657596951 301
1656443848700 0.0010392418395033139 302
1656443890922 0.0014032950509354604 303
1656443942396 0.0015252992658899753 304
1656443990676 0.0009537438812578715 305
1656444045591 0.0003119163669429181 306
1656444095205 0.000952736098622908 307
1656444145414 0.0009502395477946749 308
1656444190876 0.00032028508763100056 309
1656444242543 0.000698783863364332 310
1656444289434 0.00035670197520951325 311
1656444334710 0.0006441952791972261 312
1656444381178 0.0003688091176753956 313
1656444431857 0.0011281280739540097 314
1656444478619 0.00039265164680248065 315
1656444526071 0.0006116376384540259 316
1656444573338 0.00033905387276975986 317
1656444613957 0.0003441430073286623 318
1656444665429 0.0003245101496039018 319
1656444707463 0.0003309788437629202 320
1656444749506 0.00035874402428116175 321
1656444792443 0.00032007448139977643 322
1656444845566 0.00026138612785888945 323
1656444899372 0.00034103745126884367 324
1656444948121 0.0003357624367632938 325
1656444986849 0.0003342101888733893 326
1656445027935 0.000326481028275405 327
1656445074996 0.0003482674452475528 328
1656445120704 0.00034452233794409403 329
1656445177625 0.0003313578908263064 330
1656445223869 0.00033159894301372484 331
1656445274313 0.00035115382957161354 332
1656445313484 0.00030897773531484525 333
1656445360281 0.0003230355353201603 334
1656445411787 0.0003235891757369571 335
1656445490240 0.000345750828622014 336
1656445550411 0.0003263530619486727 337
1656445607322 0.000325540804585721 338
1656445653625 0.0003883640672593992 339
1656445704289 0.0002822138989402867 340
1656445753161 0.0009360863663206321 341
1656445797859 0.0002580217123081805 342
1656445845742 0.0015378577610604236 343
1656445888087 0.00027530976353102796 344
1656445943945 0.0010348732291392368 345
1656445990067 0.000245411446097998 346
1656446033263 0.00026628399410895355 347
1656446076251 0.0017526891538082847 348
1656446124299 0.0016440468956045165 349
1656446172214 0.00026731923261456413 350
1656446217499 0.0003058536485889673 351
1656446265726 0.0007631598738111092 352
1656446320587 0.00033525820464044604 353
1656446369826 0.0007408942426503633 354
1656446416604 0.00031050705707819874 355
1656446464337 0.0008784536724544358 356
1656446510774 0.0003321844826895395 357
1656446560824 0.000355433645571964 358
1656446607660 0.0003586351570331915 359
1656446660376 0.0007289930464852586 360
1656446706457 0.0003264086257871927 361
1656446752848 0.00033787507965490947 362
1656446796682 0.0007889147790647855 363
1656446837579 0.0003519776870907136 364
1656446882044 0.0006458873700896002 365
1656446930883 0.0007559917258439517 366
1656446973484 0.000347338014852221 367
1656447015638 0.0006148711861614703 368
1656447052219 0.0004804851497869939 369
1656447098833 0.0004104650339103633 370
1656447149025 0.00018612232190973231 371
1656447187686 0.00034702801221929533 372
1656447228734 0.0004687625324364625 373
1656447276213 0.00037031056806048363 374
1656447317830 0.00047854638225552264 375
1656447359850 0.0005408234615887247 376
1656447402529 0.001579505870371594 377
1656447452830 0.0004192389928417534 378
1656447495224 0.00013284090307273113 379
1656447542118 0.00011968792490207663 380
1656447588975 0.0008978456487707236 381
1656447634723 0.0008487979360252196 382
1656447679368 0.00019418581739384156 383
1656447722046 2.2133457065231284e-06 384
1656447765450 0.0004467370596043152 385
1656447810556 0.0006469733892816758 386
1656447855256 0.0007158883175696806 387
1656447901726 0.0008138090424131626 388
1656447944615 0.0003370155098773625 389
1656447986531 0.0007363177490891742 390
1656448027448 0.00035314435330531784 391
1656448075404 0.0006502518076525602 392
