1656682879972 0.5666291015600462 0
1656682962991 0.36026755927793264 1
1656683056873 0.5794708702631611 2
1656683138883 0.4298701006757014 3
1656683218344 0.5732751902895463 4
1656683355956 0.4867335145077665 5
1656683441238 0.40038122174745316 6
1656683524937 0.37700626475921184 7
1656683608849 0.18754381690703847 8
1656683692589 0.18727127068218008 9
1656683844741 0.1525132383372435 10
1656683925692 0.23649327861300795 11
1656684009746 0.19085575344000605 12
1656684083394 0.2082543176374938 13
1656684165196 0.17518578591357725 14
1656684313967 0.2166391153409568 15
1656684400426 0.2765824429728898 16
1656684493815 0.2869303245215663 17
1656684586080 0.25538303317249467 18
1656684664762 0.16047306563931896 19
1656684809839 0.1430983279224186 20
1656684873485 0.12488250831966685 21
1656684938052 0.12461648133724723 22
