1656682879970 0.01707907762796318 0
1656682962989 0.013485977954189345 1
1656683056872 0.016284245882600554 2
1656683138881 0.010273660593722771 3
1656683218343 0.08685040188553961 4
1656683355955 0.08927713118411913 5
1656683441235 0.013765257981215629 6
1656683524935 0.04483661309187742 7
1656683608846 0.00451100280914123 8
1656683692588 0.011041609071486278 9
1656683844740 0 10
1656683925689 0 11
1656684009744 0.010933524226868796 12
1656684083392 0.010347133505470788 13
1656684165195 0.010793267660152506 14
1656684313965 0.005768193376874455 15
1656684400424 0.013788760800527145 16
1656684493813 0 17
1656684586078 0 18
1656684664760 0.013832804110260947 19
1656684809838 0.03865574857818666 20
1656684873482 0.03829568792289118 21
1656684938050 0.03999055376294661 22
