1656636991339 0.7584996795487169 0
1656637072471 0.4809128581101063 1
1656637154983 0.5856810551232526 2
1656637248062 0.5949639375656295 3
1656637371102 0.8904598211827828 4
1656637655871 0.718460740279543 5
1656637742301 0.5784024873285296 6
1656637825314 0.45684910044231375 7
1656637921013 0.43064020460626606 8
1656638002208 0.37034724989801915 9
1656638322058 0.38477189012035595 10
1656638402864 0.4654699519728037 11
1656638474472 0.45320496004334254 12
1656638547491 0.4232432127243617 13
1656638611282 0.9263986048020502 14
1656638865730 0.8431151689719845 15
1656638919112 0.8214466296693732 16
1656638998214 0.7973452835634913 17
1656639062589 0.7874053901549312 18
1656639136840 0.7306866173998336 19
1656639489244 0.6971118160047831 20
1656639584710 0.5545390001651184 21
1656639689317 0.5155695119257684 22
1656639780421 0.4488889954384778 23
1656639887858 0.29283946862780186 24
