1656636991337 0.016735144341068396 0
1656637072469 0.015506880598745651 1
1656637154981 0.016321107248668948 2
1656637248061 0.029977786569058768 3
1656637371101 0.019496234078007966 4
1656637655870 0.01923081967023995 5
1656637742299 0.016830371522212204 6
1656637825313 0.014332007392320371 7
1656637921012 0.016301894078013024 8
1656638002207 0.01649687664227567 9
1656638322056 0.015985992155651576 10
1656638402862 0.37593967018333896 11
1656638474470 0.3905648569087123 12
1656638547488 0.30301155115959866 13
1656638611279 0.7385932521445147 14
1656638865728 0.6951472260271353 15
1656638919110 0.6601727357710523 16
1656638998212 0.6406711981329204 17
1656639062588 0.5806930986418014 18
1656639136838 0.5306244924596133 19
1656639489242 0.45719763322636003 20
1656639584705 0.33948567206309266 21
1656639689313 0.21377529996376232 22
1656639780419 0.22654280020510464 23
1656639887855 0.1528436233510739 24
