1656592408157 0.8504660958064794 0
1656592563155 0.8152561799475528 1
1656592709155 0.468297142470092 2
1656592840472 0.4949929693852355 3
1656592962599 0.9084900065217073 4
1656593354462 0.9260855957981645 5
1656593480866 0.9649899495756694 6
1656593620291 1.0773232042342145 7
1656593750381 1.0783254847097277 8
1656593896883 1.0863234769117125 9
1656594253033 1.143833897935097 10
1656594389280 1.2169415029395712 11
1656594526722 1.21694150931406 12
1656595818303 1.216941504846999 13
1656595914144 1.3703905858874939 14
1656596103208 1.3703906339241358 15
1656596170338 1.3704006911629172 16
1656596246982 1.37040068719189 17
1656596312479 1.370400676144491 18
1656596390432 1.3704006886367242 19
1656596593215 1.3704001782107076 20
1656596653106 1.3704001142030502 21
1656596720076 1.4004649600629557 22
1656596779274 1.3964597795973874 23
1656596842285 1.3924210220103785 24
1656597050552 1.388349312376501 25
1656597110420 1.3866733429809313 26
1656597197815 0.9664589520263758 27
