1656592408156 0.6955573475962364 0
1656592563154 0.4186192588173089 1
1656592709154 0.7097705370295956 2
1656592840471 0.22392075522952037 3
1656592962598 2.4723930463742394 4
1656593354461 2.7600735608620086 5
1656593480865 1.0046986799455508 6
1656593620290 2.282363401977545 7
1656593750379 0.9899881665380831 8
1656593896881 0.7189481149459 9
1656594253032 2.775587997501467 10
1656594389279 1.2215826695082124 11
1656594526720 1.150578136023346 12
1656595818302 1.2697797856724367 13
1656595914143 2.627670564434276 14
1656596103207 2.0782399131956133 15
1656596170337 2.078260992179747 16
1656596246980 2.5019313190549983 17
1656596312478 2.07719024974203 18
1656596390431 2.0777436880754876 19
1656596593213 2.07195112645242 20
1656596653105 2.024881707731974 21
1656596720075 2.0859614209926574 22
1656596779273 2.650099440754857 23
1656596842284 2.6558512857964938 24
1656597050551 2.0487474410755873 25
1656597110419 2.0235154431902256 26
1656597197813 1.189371228404418 27
