1656592037825 0.8906066697054061 0
1656592145159 0.6123528623367267 1
1656592357274 0.8807860567297883 2
1656592503902 0.7013200488122109 3
1656592613113 0.8339980472407907 4
1656592697057 0.9433273886522897 5
1656592793176 0.6424201042429487 6
1656592867655 0.43599320402352815 7
1656592935262 0.38899490113552193 8
1656592994609 0.3364452438424488 9
1656593137528 0.3325092761414927 10
1656593268699 0.2658159214331113 11
1656593360045 0.3626026792772946 12
1656593491174 0.3628531177211475 13
1656593625067 0.37689975249860963 14
1656593727005 0.450188473234875 15
1656593842319 0.37319421738246594 16
1656593969178 0.3731942167868695 17
1656594159620 0.5587751871766173 18
1656594241154 0.5441606713064382 19
1656594315286 0.5441347336773832 20
1656594403252 0.5441349802961928 21
1656594490556 0.5385584907908869 22
1656595751539 0.5129800751423699 23
1656595832090 0.5129801125705917 24
1656595971836 0.5129809084105372 25
1656596099332 0.5128157385200901 26
1656596187846 0.5159739204216717 27
1656596306411 0.4906705252635225 28
1656596453740 0.49067201928800497 29
1656596624158 0.49067142843121714 30
1656596756403 0.46859105851526983 31
1656596936056 0.4639378087620113 32
1656597118875 0.4639377852707527 33
1656597285565 0.46393775865880926 34
