1656592037824 1.0217036123759686 0
1656592145156 1.0765484686364784 1
1656592357273 1.021677183880697 2
1656592503901 1.0216537386219553 3
1656592613112 1.0217014769633952 4
1656592697056 1.021595219005778 5
1656592793175 1.0202009919011439 6
1656592867654 1.02166223944208 7
1656592935261 1.021692509194926 8
1656592994608 1.0216997901680676 9
1656593137525 1.0217011415018982 10
1656593268697 0.9666942174346248 11
1656593360044 0.9055955235703935 12
1656593491173 0.9060305938933858 13
1656593625066 0.9041935537728584 14
1656593727004 0.8702453394417958 15
1656593842318 0.8392218449252441 16
1656593969176 0.8392209770414086 17
1656594159618 1.021655109679258 18
1656594241153 0.9634509290100205 19
1656594315285 0.9630319658900875 20
1656594403250 0.9630329710773283 21
1656594490555 0.9598794766043398 22
1656595751538 0.842063819402214 23
1656595832089 0.8420611931792646 24
1656595971834 0.8420646085079332 25
1656596099331 0.841561132450595 26
1656596187845 0.8303221033837022 27
1656596306410 0.056892441938051694 28
1656596453737 0.7749793323563968 29
1656596624157 0.7725083923800745 30
1656596756402 0.42779015016308025 31
1656596936019 0.065764440523173 32
1656597118874 0.055215368430865316 33
1656597285564 0.054501216305221485 34
