1656602854604 0.8892582009762674 0
1656602881195 0.4433667745785759 1
1656602931911 0.4183775056347826 2
1656602975951 0.41837747808794035 3
1656603024741 0.4183774899658329 4
1656603164539 0.3316351781183977 5
1656603214715 0.46148769334669804 6
1656603259301 0.46148758572459414 7
1656603313681 0.46207621819378863 8
1656603378139 0.46207620261180504 9
1656603537401 0.46207641445644176 10
1656603609593 0.46207638587644895 11
1656603680039 0.4620763858865936 12
1656603754569 0.9951814821113871 13
1656603821799 0.7277750370278118 14
1656603976563 0.7281863532280387 15
1656604052357 0.7180167392406329 16
1656604118329 0.7180167978325854 17
1656604198624 0.7180164978152986 18
1656604278854 0.7180163948125038 19
1656604445846 0.71801534379595 20
