1656602854603 1.0196466369506942 0
1656602881194 0.6248249698251495 1
1656602931910 0.6246622139095831 2
1656602975949 0.6245959440913428 3
1656603024740 0.6248122195037784 4
1656603164538 1.0487263189545895 5
1656603214714 0.44133765465440544 6
1656603259300 0.34835675210288386 7
1656603313680 1.0299172844170172 8
1656603378138 0.03857618232804951 9
1656603537399 0.33863613285302185 10
1656603609591 0.3640522266126844 11
1656603680038 0.7012956427412561 12
1656603754568 0.5692027326094846 13
1656603821796 0.6497209197482436 14
1656603976560 0.6497209189368207 15
1656604052356 0.5435116000523945 16
1656604118328 0.5585553282053638 17
1656604198622 0.4972237079364551 18
1656604278853 0.6076378128979485 19
1656604445845 0.10757799155738251 20
