1656538431463 0.7800771399856404 0
1656538470830 0.4697264621138655 1
1656538533734 0.5218145105069845 2
1656538594150 0.31223289800238085 3
1656538644354 0.5177810449754351 4
1656538693947 0.7829612205857911 5
1656538764575 0.5879022536947844 6
1656538816859 0.478760032861574 7
1656538873050 0.6625553173405677 8
1656538953111 0.4665090375885641 9
1656539025380 0.6235484731789913 10
1656539127402 0.47995871223325104 11
1656539201339 0.33533975189992926 12
1656539270755 0.2598218244056958 13
1656539332936 0.17366943377172073 14
1656539394643 0.12431226793028716 15
1656539475018 0.107306170004425 16
1656539553670 0.13905973811446282 17
1656539618993 0.11673708739263366 18
1656539679850 0.07681600445613745 19
1656539740706 0.0497985282440786 20
1656539802383 0.037673276954509394 21
1656539857816 0.034415265129758676 22
1656539910041 0.03470728052529737 23
1656539974370 0.03882621031075595 24
1656540067973 0.03206210204893456 25
1656540129111 0.025760208307960664 26
1656540190634 0.02262762381720662 27
1656540249580 0.030916223155545652 28
1656540313441 0.030063611095609732 29
1656540375955 0.025245786477536503 30
1656540490578 0.022719214568088564 31
1656540548831 0.01656822932096147 32
1656540611415 0.013159364520083039 33
1656540675735 0.010634450034579412 34
1656540727261 0.010632864022207644 35
1656540777441 0.01072402176346221 36
1656540830925 0.010724021736091327 37
1656540887258 0.01067835114297877 38
1656540950923 0.011052708081770612 39
1656541031395 0.01267745538659204 40
1656541108621 0.014972197467218007 41
1656541166026 0.014972197390648034 42
1656541223522 0.014972197379106045 43
1656541290503 0.014972197335057169 44
1656541338967 0.01497219733142896 45
1656541393067 0.014972197213570015 46
1656541450914 0.014972197213012683 47
1656541502908 0.005037137163163896 48
1656541573615 0.0058254794723441305 49
1656541669551 0.0037832522717675676 50
1656541727932 0.003978501525570111 51
1656541788175 0.003978499453057505 52
1656541858585 0.003974361558098272 53
1656541918725 0.003987918989103556 54
1656541990340 0.002420732663230729 55
1656542063432 0.002258787970219278 56
1656542169436 0.0022587872086736738 57
1656542230135 0.002258786706028082 58
1656542293842 0.0022587866770937826 59
1656542359577 0.0026346274744427634 60
1656542420759 0.0026346273150175126 61
1656542480040 0.0023467808357314768 62
1656542541116 0.0023467800683369955 63
1656542607758 0.0022730547626794717 64
1656542702870 0.0022730527927282695 65
1656542759891 0.0012121027812401763 66
1656542813583 0.001230678630471771 67
1656542862664 0.002121623854854149 68
1656542912190 0.0018174343961225858 69
1656542956788 0.0020991198331588024 70
1656543006739 0.002069146681948242 71
1656543091955 0.001896285269918252 72
1656543176867 0.0022008130569001194 73
1656543229609 0.0017085358215765956 74
1656543276711 0.002083479784782738 75
1656543333862 0.00169262811618609 76
1656543390851 0.0019339565890409416 77
1656543447416 0.0016924404205588273 78
1656543513779 0.0018667134986291023 79
1656543609274 0.0024202891539640836 80
1656543676357 0.0029772914952261864 81
1656543753638 0.0026258865517002627 82
1656543812785 0.002734492751038431 83
1656543876163 0.002294722031661922 84
1656543944914 0.0019215050286013335 85
1656544032724 0.0017741201396104245 86
1656544098320 0.0018891912475862416 87
1656544164617 0.0017272836940831482 88
1656544219827 0.002018518724675622 89
1656544271825 0.002077485130849266 90
1656544324195 0.002151456083853809 91
1656544370555 0.0020936934867276102 92
1656544445014 0.001961557538664338 93
1656544524895 0.0019628415684380673 94
1656544578302 0.001941627254022693 95
1656544627641 0.0020356100066399874 96
1656544681595 0.001669245296711308 97
1656544744590 0.001640456758203901 98
