1656538431461 1.0196470686637633 0
1656538470829 0.7101165554075973 1
1656538533733 0.41404806773514236 2
1656538594148 0.3819227009032721 3
1656538644352 0.9902990806481429 4
1656538693944 1.0240168421570677 5
1656538764574 1.0180424056929969 6
1656538816857 0.8035788490904291 7
1656538873049 0.7890244690639463 8
1656538953109 0.7486003210902877 9
1656539025379 0.7662537592739804 10
1656539127401 0.7791687713155959 11
1656539201338 0.786954882481058 12
1656539270754 0.7386204446781687 13
1656539332935 0.11012812978900974 14
1656539394642 0.1478302972060321 15
1656539475016 0.13663060752705244 16
1656539553669 0.06360933724957113 17
1656539618992 0.10571063988654972 18
1656539679849 0.0677251711203912 19
1656539740705 0.057193371952239794 20
1656539802382 0.06853438188557762 21
1656539857815 0.07561383825046478 22
1656539910040 0.10348891918881686 23
1656539974369 0.06706705406148974 24
1656540067971 0.06585864263892122 25
1656540129109 0.10478843150450864 26
1656540190633 0.055641275626371826 27
1656540249579 0.07282477623575884 28
1656540313439 0.0927943878384074 29
1656540375954 0.060130851645654716 30
1656540490576 0.059634149996758166 31
1656540548830 0.0583034484347211 32
1656540611414 0.05725789891204647 33
1656540675734 0.05362186108740287 34
1656540727260 0.06333868763091885 35
1656540777439 0.061147247437508385 36
1656540830924 0.06114721507292067 37
1656540887257 0.05979299845901753 38
1656540950921 0.06006936220439436 39
1656541031392 0.058065263894822826 40
1656541108620 0.062082616832189026 41
1656541166025 0.053563976719966065 42
1656541223521 0.053086082925832036 43
1656541290502 0.062082656497334195 44
1656541338966 0.062082530481192784 45
1656541393066 0.05184611837779755 46
1656541450913 0.062082680957004026 47
1656541502907 5.99095661562481e-05 48
1656541573613 -0.00015970702242305845 49
1656541669550 -2.4803578116663373e-05 50
1656541727931 -2.3634250448339392e-05 51
1656541788174 -0.0009171243709051662 52
1656541858584 -2.819730864631444e-05 53
1656541918724 -5.5670723865649564e-05 54
1656541990339 -0.0009503893712376769 55
1656542063430 -0.00034086384573664874 56
1656542169435 -0.00034084933817725557 57
1656542230134 -0.00034384997903760123 58
1656542293841 0.0032258977267346067 59
1656542359576 -0.00035946973570093145 60
1656542420758 -0.0003603230563478438 61
1656542480039 0.01112437703741695 62
1656542541115 -0.0003758301737959288 63
1656542607756 -0.00043110395014395674 64
1656542702868 -0.00043110595692747626 65
1656542759890 -6.38436398708391e-05 66
1656542813581 0.0001387591905934243 67
1656542862663 0.005005613545671316 68
1656542912188 4.929486763983592e-06 69
1656542956787 -2.7329777517645735e-05 70
1656543006738 -6.879934433491781e-05 71
1656543091952 -0.0001600475578202058 72
1656543176865 -0.00018292631052630858 73
1656543229608 -0.0002482789323647919 74
1656543276710 -0.000291676834936088 75
1656543333861 0.00372473689347968 76
1656543390850 0.0036626699301422865 77
1656543447415 -0.0003052620682364247 78
1656543513776 -0.0002462828839525147 79
1656543609272 -0.0002649108529146915 80
1656543676356 -0.0002429993370964979 81
1656543753637 -0.00024940542102349587 82
1656543812784 -0.00023240225891232391 83
1656543876161 -0.0002878950259708262 84
1656543944913 -0.0003143342019444248 85
1656544032722 -0.000280391742157379 86
1656544098319 -0.0003088631686654084 87
1656544164616 -0.00031528965888030173 88
1656544219825 -0.00026848401914073006 89
1656544271824 -0.0002527276751232569 90
1656544324194 -0.00018606177468759788 91
1656544370553 -0.00020374901565331982 92
1656544445012 -0.00020375661271328205 93
1656544524894 0.003946432865496316 94
1656544578301 -0.0001938772701185268 95
1656544627639 -0.00019755552719732082 96
1656544681593 -0.0002938020920516672 97
1656544744589 -0.0003185909522911332 98
