1656518092353 0.9767922526549367 0
1656518142953 0.5182961254649492 1
1656518221081 0.5461599805778742 2
1656518308521 0.5359509777198594 3
1656518377764 0.4382964639924558 4
1656518448283 0.5585741863663853 5
1656518516564 0.4363591620319025 6
1656518597891 0.4906940465672682 7
1656518675849 0.2907368135752495 8
1656518763234 0.31396713319481473 9
1656518829710 0.3062166239583155 10
1656518909687 0.30621583922039874 11
1656518994207 0.2033162001493336 12
1656519089519 0.2033141362921077 13
1656519183561 0.16408133710615636 14
1656519279329 0.14766520439273734 15
1656519372873 0.1736576893211922 16
1656519462684 0.2060211160419525 17
1656519542610 0.17932875511466517 18
1656519618513 0.152471491458275 19
1656519702861 0.15325018653903033 20
