1656518092352 4.419234910068812 0
1656518142952 2.0777759065132826 1
1656518221080 0.35223573543607994 2
1656518308520 0.44781523865104056 3
1656518377763 0.37667313126578894 4
1656518448282 0.585746641033606 5
1656518516563 0.5196480942314731 6
1656518597890 0.4288504885302918 7
1656518675848 0.2888853300252935 8
1656518763233 0.19333772393720594 9
1656518829709 0.2039224846315506 10
1656518909686 0.21782819802338005 11
1656518994206 0.29135511383517215 12
1656519089518 0.1754731602550425 13
1656519183560 0.08516956800604686 14
1656519279328 0.06273507263848407 15
1656519372872 0.03576910130063503 16
1656519462683 0.009170160514906878 17
1656519542609 0.039474538053786354 18
1656519618512 0.0073029518126149565 19
1656519702860 0.06268592461909514 20
