1656632390903 0.47748008272243436 0
1656632470971 0.5807781428036219 1
1656632556922 0.6097128513987269 2
1656632645478 0.5734984076845985 3
1656632721869 0.523610015593662 4
1656632957344 0.44511653450703126 5
1656633028491 0.45045468701336844 6
1656633096764 0.4217761755955377 7
1656633172488 0.4369290162845002 8
1656633229560 0.6718406081641124 9
1656633486659 0.39975936406381885 10
1656633564797 0.37371803256261127 11
1656633632898 0.4479168263570287 12
1656633698684 0.30896132689583333 13
1656633756445 0.42781481939875743 14
1656634008330 0.28287202860843697 15
1656634067904 0.29237017811111 16
1656634128909 0.2982491162761298 17
1656634207103 0.2875463214716568 18
1656634260449 0.28836377261542556 19
1656634493929 0.27199344379786183 20
1656634529213 0.29418870853322787 21
1656634575811 0.2901021677595439 22
1656634633417 0.28232884186421503 23
1656634679811 0.28175249408917136 24
1656634907707 0.23388105253542524 25
1656634954616 0.2348939126901436 26
1656635007711 0.24458228034460006 27
1656635058147 0.24908228663087273 28
1656635112106 0.25658503272106825 29
1656635362240 0.23115222694417847 30
1656635417355 0.2450810571173363 31
1656635477959 0.2337595155241523 32
1656635541152 0.23843797414155998 33
1656635599830 0.21726542985430541 34
1656635828267 0.23349042690438004 35
1656635879966 0.24241639242703006 36
1656635925263 0.25641718028886296 37
1656635975120 0.28647593044492614 38
1656636033844 0.32532499520479474 39
1656636313454 0.37904067087873805 40
1656636382965 0.3354377609854262 41
1656636449290 0.29090802091355905 42
1656636522652 0.2657826961070384 43
1656636580597 0.23816975934155937 44
