1656632390901 0.014596516627312681 0
1656632470969 0.018014847477961723 1
1656632556920 0.01747133048750464 2
1656632645477 0.016075746257985697 3
1656632721868 0.015517457540758934 4
1656632957343 0.014408841227909364 5
1656633028490 0.015062280083312377 6
1656633096762 0.014264306748782866 7
1656633172487 0.014252767969036061 8
1656633229558 0.5669609129826528 9
1656633486657 0.03283373404113897 10
1656633564795 0.05195595768836848 11
1656633632896 0.21005233417953456 12
1656633698682 0.16443819661372489 13
1656633756443 0.11022360308117504 14
1656634008329 0.1365905181816585 15
1656634067903 0.1392755038687508 16
1656634128908 0.18343057658595077 17
1656634207101 0.1624631043349577 18
1656634260447 0.1531132981376365 19
1656634493928 0.12772275783564546 20
1656634529211 0.08892949416202714 21
1656634575809 0.09856696580951763 22
1656634633416 0.14376981167310776 23
1656634679810 0.11202788228078259 24
1656634907705 0.08200010768684203 25
1656634954614 0.07262082844231994 26
1656635007710 0.09257792623355794 27
1656635058146 0.09489969138844419 28
1656635112105 0.10116104920291998 29
1656635362238 0.04984723150095244 30
1656635417353 0.07937851361150491 31
1656635477958 0.10523520748697505 32
1656635541150 0.1038105776015252 33
1656635599829 0.14600252798515187 34
1656635828266 0.15993520626082128 35
1656635879964 0.18241741202776393 36
1656635925262 0.21864518241267691 37
1656635975118 0.23737612525067311 38
1656636033843 0.25938037355505944 39
1656636313453 0.2967572562206039 40
1656636382963 0.23680440223531635 41
1656636449289 0.21014067687641252 42
1656636522651 0.19542819648827162 43
1656636580596 0.16362287331717404 44
